100
31500 60
970 1 0
3030 2 1
2220 3 1
2240 3 0
2070 1 0
5240 4 5
1430 5 5
7410 2 0
720 1 8
6930 3 0
730 2 0
7710 5 0
9840 1 12
330 4 12
1620 5 0
9400 5 0
3500 2 16
3490 3 16
240 2 0
9700 1 0
5940 5 0
530 3 21
2050 2 21
490 4 0
230 1 0
2120 3 0
5950 3 26
9400 2 0
3130 2 26
7160 4 0
4890 1 0
1480 1 30
3740 2 30
7070 5 0
6060 4 0
7950 4 0
9840 5 0
7700 1 36
110 5 36
510 2 0
3450 3 40
6210 3 0
1010 1 40
4250 5 0
6230 4 0
3720 3 45
1000 5 45
3180 2 0
5000 4 0
3560 4 0
7380 3 50
7480 2 0
8580 1 0
490 1 0
5940 5 52
1930 4 0
9240 5 56
4970 3 56
4080 5 0
3760 3 59
31500 60
5880 3 0
6930 3 1
9720 3 1
8670 1 0
7650 3 0
7700 2 5
1030 4 5
4850 1 0
4020 1 8
8970 2 0
4150 3 0
6370 1 0
2270 3 12
2380 2 12
3760 2 0
1880 5 0
6510 2 16
8860 5 16
3510 3 0
1040 5 0
2700 5 0
1300 1 21
1040 1 21
8370 1 0
6220 5 0
8390 2 0
4780 4 26
8640 3 0
9530 1 26
9000 5 0
6320 2 0
2920 1 30
4530 2 30
1400 5 0
2030 2 0
6670 2 0
8330 3 0
4940 3 36
8020 5 36
6210 3 0
6770 5 40
2590 5 0
640 3 40
4700 3 0
1850 3 0
2380 1 45
8240 3 45
770 4 0
720 5 0
6360 4 0
660 1 50
6980 2 0
1500 1 0
4750 5 0
2150 2 52
2350 5 0
8690 4 56
2250 3 56
3620 2 0
6530 5 59
31500 60
6300 2 0
2780 3 1
980 1 1
2520 1 0
1820 4 0
6550 3 5
9470 3 5
9680 4 0
5500 4 8
1720 2 0
2400 3 0
2970 4 0
8250 2 12
2440 4 12
6110 1 0
3030 3 0
1720 3 16
4320 3 16
2910 5 0
4710 4 0
8150 4 0
3500 1 21
4010 5 21
520 5 0
1090 4 0
6530 4 0
1140 1 26
3990 5 0
7810 1 26
8640 2 0
60 2 0
5870 2 30
8000 1 30
2470 1 0
6490 5 0
7190 3 0
990 3 0
7110 2 36
3230 4 36
7450 2 0
5020 2 40
9210 3 0
5190 2 40
570 5 0
50 3 0
1160 2 45
3300 1 45
1850 3 0
2930 4 0
8800 1 0
5200 3 50
3640 4 0
9540 1 0
5070 2 0
2630 2 52
3720 2 0
6450 1 56
7800 2 56
6020 1 0
3380 4 59
31500 60
7790 2 0
6670 3 1
520 4 1
880 5 0
5130 4 0
7690 5 5
1650 5 5
6460 5 0
4750 3 8
6790 1 0
5070 2 0
6820 2 0
6910 1 12
5630 3 12
8370 2 0
4430 1 0
1730 4 16
4610 5 16
3910 3 0
1410 4 0
7210 1 0
3510 2 21
2490 1 21
6850 3 0
1840 5 0
3120 1 0
9690 1 26
4360 4 0
5170 4 26
6030 2 0
7730 1 0
5420 5 30
9180 5 30
6130 2 0
8050 4 0
8240 4 0
560 5 0
7650 3 36
8100 1 36
6030 1 0
8250 1 40
2860 1 0
5930 2 40
9840 2 0
3940 5 0
8250 3 45
4840 4 45
6140 1 0
2760 5 0
7570 2 0
5590 3 50
1990 1 0
6280 3 0
580 2 0
4790 4 52
2990 2 0
9090 2 56
8790 3 56
5570 5 0
8620 2 59
31500 60
3810 5 0
4440 5 1
5800 4 1
9020 2 0
2280 4 0
700 4 5
7330 2 5
5160 4 0
6910 4 8
2270 2 0
1880 4 0
6420 5 0
4700 5 12
3620 2 12
6270 4 0
130 2 0
1460 4 16
190 5 16
260 4 0
2170 1 0
9140 1 0
3410 5 21
1290 5 21
1140 5 0
7180 5 0
1830 1 0
7840 3 26
8190 2 0
80 2 26
9620 4 0
9470 2 0
1670 1 30
8290 5 30
1700 1 0
260 2 0
920 5 0
8860 4 0
1740 5 36
1260 5 36
8770 2 0
900 2 40
1500 4 0
7040 4 40
9790 4 0
7870 1 0
9980 3 45
3250 3 45
2890 4 0
360 1 0
7210 1 0
9510 3 50
6620 4 0
8580 4 0
3070 5 0
4720 3 52
8200 2 0
9700 5 56
6480 2 56
30 2 0
5720 5 59
31500 60
2710 2 0
150 4 1
9290 2 1
6940 4 0
3560 4 0
6210 3 5
8800 5 5
8740 3 0
5610 4 8
5810 4 0
3830 4 0
4900 3 0
9980 1 12
4600 4 12
1390 3 0
4670 3 0
4390 2 16
5700 2 16
6170 5 0
2790 5 0
2340 5 0
5540 4 21
4860 5 21
6810 5 0
9810 4 0
7090 1 0
8020 1 26
3110 1 0
8830 5 26
8350 3 0
2260 4 0
1690 5 30
2240 1 30
2500 3 0
7190 2 0
2260 2 0
5910 2 0
3350 3 36
6830 4 36
9380 3 0
3310 5 40
1240 1 0
1550 2 40
8150 2 0
8810 3 0
3990 2 45
820 3 45
2280 5 0
6620 3 0
4630 2 0
2190 4 50
1930 5 0
6260 4 0
2660 3 0
6620 4 52
2770 2 0
1140 5 56
9130 5 56
8730 5 0
6660 3 59
31500 60
1880 1 0
8670 4 1
9520 3 1
4150 1 0
1500 5 0
1370 5 5
2750 4 5
7720 5 0
1540 5 8
1710 3 0
9790 4 0
2750 4 0
3470 3 12
4190 3 12
410 4 0
1030 2 0
2060 4 16
8180 1 16
9880 1 0
2370 1 0
6190 2 0
3790 2 21
8720 4 21
7450 1 0
5650 1 0
5150 3 0
9110 2 26
790 2 0
5570 4 26
6480 2 0
6230 1 0
6700 4 30
5620 4 30
7700 1 0
7340 5 0
2260 4 0
5580 2 0
6970 5 36
6610 3 36
7720 5 0
2310 3 40
9890 4 0
8390 2 40
7620 2 0
9690 1 0
5150 1 45
6700 4 45
1680 5 0
9110 4 0
2200 3 0
1440 4 50
4190 4 0
8870 1 0
6890 3 0
8770 5 52
9930 4 0
6200 3 56
6400 5 56
2700 5 0
8270 4 59
31500 60
7690 5 0
8700 3 1
4020 1 1
6450 3 0
4460 1 0
7090 2 5
2680 3 5
8550 1 0
7270 5 8
8890 2 0
3950 3 0
2570 2 0
1080 4 12
4310 3 12
2280 4 0
9700 5 0
610 3 16
6550 5 16
940 3 0
1410 2 0
3280 1 0
520 5 21
4170 5 21
2670 4 0
1180 3 0
1720 3 0
6130 2 26
100 4 0
4410 5 26
8400 3 0
1840 5 0
6980 4 30
6720 1 30
1030 1 0
2350 4 0
7400 1 0
4840 4 0
9040 2 36
6650 4 36
4770 5 0
9670 3 40
3390 3 0
3590 2 40
4100 5 0
8830 1 0
7800 4 45
2970 5 45
5320 2 0
7860 1 0
9590 1 0
3220 3 50
5920 1 0
9490 4 0
4180 5 0
8650 5 52
6030 3 0
1470 5 56
9920 4 56
370 3 0
240 5 59
31500 60
4070 1 0
8560 1 1
6460 2 1
8860 2 0
9350 3 0
3270 5 5
810 5 5
4960 2 0
9960 2 8
7950 5 0
9700 3 0
1670 5 0
7480 2 12
3590 5 12
6660 4 0
5550 1 0
7150 1 16
4920 4 16
2800 4 0
6630 5 0
7070 3 0
6590 3 21
700 3 21
8960 5 0
8130 3 0
7330 5 0
2820 4 26
1010 5 0
3630 4 26
4650 3 0
4360 1 0
2730 5 30
5340 3 30
9130 2 0
9260 4 0
9470 1 0
6010 2 0
1270 5 36
2190 4 36
1420 2 0
2130 3 40
9060 4 0
2950 5 40
8260 4 0
4370 5 0
8670 5 45
3380 4 45
5430 5 0
5420 5 0
8990 3 0
9060 5 50
8010 2 0
4950 2 0
8350 4 0
7660 3 52
8170 2 0
9830 3 56
1070 2 56
6740 3 0
8080 2 59
31500 60
7080 4 0
7150 1 1
1230 3 1
4100 2 0
4800 3 0
4250 3 5
3530 3 5
7110 1 0
9880 2 8
8360 4 0
6770 2 0
9430 2 0
5930 4 12
6760 4 12
1150 4 0
1240 1 0
6640 1 16
430 3 16
5280 4 0
8480 5 0
1930 3 0
740 1 21
1200 3 21
8200 2 0
9420 5 0
1650 5 0
7350 3 26
7960 3 0
3010 1 26
6410 2 0
8680 2 0
2630 5 30
8030 2 30
9090 2 0
5410 4 0
5300 5 0
9000 5 0
6250 2 36
100 3 36
4100 2 0
8120 1 40
9960 4 0
890 5 40
5770 4 0
2490 1 0
1890 3 45
3340 3 45
810 4 0
2700 4 0
8210 5 0
5110 5 50
9950 1 0
5700 2 0
6730 5 0
1290 2 52
7080 4 0
4820 1 56
4380 4 56
8170 2 0
4760 1 59
31500 60
2180 3 0
5580 3 1
6320 4 1
1830 3 0
4590 1 0
5060 3 5
2740 4 5
1320 3 0
7590 1 8
5590 3 0
200 5 0
150 5 0
1490 4 12
7530 1 12
410 3 0
6770 3 0
3150 2 16
3780 4 16
5610 4 0
1410 2 0
2700 2 0
3470 2 21
4720 4 21
8200 4 0
2690 3 0
7680 5 0
8090 5 26
8860 1 0
8200 2 26
5600 5 0
3860 4 0
550 4 30
6950 2 30
7150 4 0
6440 1 0
3530 2 0
7390 1 0
2610 5 36
7650 1 36
210 4 0
7830 2 40
5510 5 0
3370 4 40
3100 2 0
4170 4 0
5250 2 45
460 3 45
650 2 0
9620 4 0
9280 1 0
740 1 50
510 2 0
4220 4 0
3670 5 0
460 5 52
8030 5 0
70 2 56
6840 1 56
7250 3 0
4990 1 59
31500 60
1170 4 0
3290 1 1
8120 5 1
2560 4 0
1200 4 0
5430 5 5
7280 3 5
410 2 0
3720 4 8
4800 3 0
6230 2 0
7600 5 0
6150 1 12
5550 2 12
70 4 0
4380 2 0
5540 5 16
5520 4 16
7390 5 0
3970 3 0
2850 5 0
2910 1 21
1260 1 21
2370 2 0
5410 5 0
7270 5 0
2330 3 26
9210 3 0
2120 2 26
5860 1 0
7140 3 0
2510 4 30
2450 4 30
1450 3 0
2130 2 0
6160 3 0
3090 3 0
5320 3 36
390 2 36
8760 5 0
1620 4 40
4320 3 0
800 5 40
3160 5 0
4230 3 0
5440 3 45
8570 2 45
4580 2 0
8200 4 0
1220 4 0
6870 4 50
9670 5 0
5930 2 0
3420 1 0
6110 3 52
4630 4 0
3330 1 56
4730 4 56
8630 4 0
5010 1 59
31500 60
3100 1 0
2710 5 1
1800 5 1
6450 2 0
4910 4 0
6090 4 5
5320 5 5
6120 3 0
7290 2 8
6310 4 0
2360 2 0
430 1 0
40 2 12
1420 3 12
9940 1 0
8020 2 0
3260 5 16
3620 2 16
7890 3 0
8140 1 0
3240 1 0
3140 5 21
3730 3 21
8780 5 0
6470 5 0
1670 2 0
8500 2 26
7470 1 0
3730 3 26
6120 5 0
390 1 0
1250 2 30
5330 2 30
510 1 0
9930 1 0
3530 3 0
400 2 0
150 4 36
8680 2 36
2440 5 0
8600 2 40
8210 4 0
1720 3 40
6160 5 0
2220 4 0
6270 1 45
7980 3 45
3900 3 0
100 3 0
4520 2 0
3170 4 50
6270 2 0
1630 1 0
2710 4 0
9200 4 52
1890 4 0
5330 3 56
3590 5 56
3230 4 0
4100 2 59
31500 60
9520 3 0
7540 5 1
4540 1 1
5160 1 0
650 3 0
1950 5 5
5630 2 5
2580 3 0
3440 1 8
5870 5 0
9080 1 0
6210 3 0
6110 1 12
5880 2 12
1540 5 0
8360 1 0
6080 2 16
3230 3 16
8470 2 0
1720 1 0
6180 3 0
6150 1 21
200 4 21
1630 5 0
8260 4 0
3130 4 0
6440 2 26
5500 1 0
7520 3 26
9550 3 0
5040 2 0
8490 1 30
4110 2 30
5670 2 0
8260 4 0
7610 1 0
6320 5 0
150 3 36
8430 5 36
4500 1 0
1210 5 40
6800 1 0
7970 5 40
8910 3 0
1860 1 0
6780 4 45
6270 3 45
6520 1 0
3740 3 0
3910 3 0
5710 3 50
7590 2 0
600 3 0
6480 5 0
7700 3 52
1900 4 0
8980 2 56
6010 3 56
3190 5 0
6970 1 59
31500 60
4610 1 0
9450 4 1
5900 4 1
6040 1 0
7060 3 0
9950 4 5
8730 1 5
2210 4 0
4990 3 8
9400 1 0
3850 2 0
4310 2 0
2060 2 12
5520 4 12
6690 5 0
9610 4 0
1470 1 16
5310 1 16
4190 1 0
1910 2 0
1520 1 0
3320 2 21
4920 5 21
8010 4 0
5400 1 0
7410 5 0
5870 5 26
6030 4 0
8600 3 26
940 3 0
2180 3 0
7380 1 30
2220 1 30
1930 2 0
3350 2 0
2980 1 0
9670 4 0
1340 3 36
3490 1 36
3330 4 0
6440 2 40
1050 5 0
7960 4 40
9830 5 0
7660 1 0
7560 1 45
1150 1 45
3120 5 0
4310 2 0
1110 3 0
2320 5 50
1360 4 0
8950 3 0
3860 3 0
1110 5 52
9040 2 0
4660 2 56
9620 1 56
6940 3 0
7330 2 59
31500 60
9390 2 0
5740 1 1
2750 4 1
1730 5 0
1520 3 0
180 2 5
500 5 5
9450 2 0
9150 5 8
1240 1 0
3640 5 0
6490 4 0
560 2 12
7070 2 12
9380 1 0
9740 4 0
1740 3 16
8510 1 16
4110 1 0
6440 4 0
8610 4 0
6770 4 21
5780 4 21
6460 1 0
60 4 0
5760 2 0
5350 3 26
640 2 0
6780 1 26
4430 3 0
6510 3 0
5130 1 30
8530 3 30
2510 1 0
6040 2 0
870 1 0
4210 4 0
8550 2 36
4600 2 36
5730 3 0
6360 1 40
2210 1 0
7910 2 40
4490 3 0
7700 4 0
8660 5 45
5480 3 45
4220 1 0
1280 5 0
3860 1 0
2710 4 50
9740 1 0
5800 2 0
6990 4 0
590 2 52
3690 1 0
6720 1 56
6800 3 56
1580 4 0
7730 4 59
31500 60
6870 4 0
1660 4 1
4910 4 1
1390 2 0
8290 5 0
5060 1 5
2620 3 5
6100 5 0
4130 4 8
4300 3 0
4250 1 0
4490 3 0
7420 3 12
6580 4 12
1230 4 0
10 1 0
7310 2 16
9900 3 16
9430 1 0
9820 3 0
5230 2 0
2560 1 21
7430 1 21
2800 2 0
2890 4 0
1080 5 0
5990 5 26
9130 2 0
9410 1 26
7670 3 0
130 2 0
9060 1 30
2680 3 30
6430 5 0
3410 4 0
2310 1 0
9280 5 0
7170 1 36
5920 2 36
9480 1 0
3490 2 40
7060 3 0
870 5 40
2500 3 0
5040 2 0
490 5 45
7320 1 45
2470 1 0
9430 2 0
9950 1 0
5080 2 50
6300 2 0
8150 5 0
7100 5 0
9400 2 52
4960 4 0
1600 4 56
3580 2 56
7540 5 0
7670 4 59
31500 60
5720 4 0
110 3 1
2630 1 1
7620 5 0
6970 5 0
6580 5 5
840 2 5
4990 2 0
9900 3 8
9460 3 0
5010 3 0
9460 3 0
5260 3 12
1570 4 12
6380 4 0
3770 5 0
3680 3 16
2970 4 16
6340 4 0
2940 2 0
8860 4 0
9950 2 21
6840 3 21
7490 1 0
2370 1 0
7570 4 0
6180 4 26
1610 3 0
360 3 26
6010 5 0
2330 3 0
8620 2 30
5660 5 30
7620 5 0
7000 2 0
330 1 0
1330 4 0
5860 1 36
7120 4 36
5510 2 0
7800 3 40
8210 3 0
390 2 40
9570 5 0
7790 3 0
1340 3 45
9830 5 45
6730 1 0
7130 5 0
8030 4 0
9390 1 50
1090 5 0
7040 3 0
3030 5 0
210 3 52
1310 2 0
4100 3 56
1810 1 56
2830 1 0
8030 5 59
31500 60
190 4 0
6850 3 1
5450 1 1
2560 1 0
310 3 0
8670 2 5
4720 1 5
1290 5 0
5170 3 8
4110 2 0
6490 3 0
6700 3 0
4330 4 12
6800 3 12
6780 2 0
3280 4 0
1390 2 16
6490 4 16
2270 5 0
940 4 0
6700 3 0
3590 2 21
4660 1 21
6180 4 0
1110 3 0
2700 2 0
6590 5 26
8380 1 0
8870 5 26
6350 2 0
7500 3 0
300 3 30
3100 4 30
1390 1 0
2300 3 0
5110 3 0
6280 3 0
2740 1 36
1040 5 36
9410 2 0
330 4 40
6830 3 0
6240 3 40
7440 1 0
250 2 0
9980 5 45
5490 3 45
1050 4 0
2860 4 0
6090 1 0
7560 1 50
2200 4 0
9580 4 0
4030 5 0
5300 3 52
510 2 0
2660 3 56
4190 4 56
9310 4 0
6190 4 59
31500 60
530 2 0
7880 4 1
7640 4 1
8560 4 0
7600 2 0
6170 1 5
7920 1 5
9930 5 0
2850 4 8
460 2 0
4420 4 0
6390 5 0
5490 4 12
5750 1 12
1340 2 0
7480 4 0
6100 2 16
2300 4 16
1200 5 0
540 2 0
1230 5 0
6260 1 21
1240 3 21
5940 3 0
3660 1 0
7370 3 0
8600 4 26
8940 1 0
7450 4 26
8580 5 0
4200 3 0
5240 1 30
2760 3 30
2730 2 0
4740 3 0
5930 2 0
2900 3 0
5560 1 36
6100 3 36
9080 4 0
3750 4 40
160 2 0
2950 4 40
8310 5 0
1740 3 0
8750 5 45
5170 2 45
2240 1 0
1100 5 0
640 1 0
230 2 50
9120 5 0
5370 4 0
9500 5 0
4990 1 52
6400 2 0
3690 2 56
2080 1 56
6700 2 0
3720 4 59
31500 60
2090 3 0
4490 3 1
3580 2 1
6660 2 0
9050 5 0
9110 4 5
2970 1 5
4610 2 0
3770 3 8
430 1 0
9530 4 0
7790 2 0
940 5 12
7330 3 12
2230 3 0
4600 3 0
9470 5 16
920 1 16
270 2 0
50 3 0
6360 1 0
2580 3 21
3290 4 21
9080 5 0
5920 1 0
2420 2 0
4790 1 26
4670 3 0
7830 1 26
6460 5 0
7380 5 0
4350 2 30
2970 4 30
5360 2 0
4370 2 0
5470 2 0
2410 2 0
40 1 36
2110 3 36
4650 1 0
8020 3 40
3060 5 0
8880 5 40
2490 3 0
2150 2 0
2870 5 45
4960 3 45
4800 2 0
8300 1 0
6460 1 0
6680 5 50
4040 3 0
8700 4 0
3150 2 0
5690 1 52
940 3 0
4160 4 56
3360 3 56
4480 1 0
9150 2 59
31500 60
2210 4 0
220 5 1
7840 2 1
9240 2 0
1060 4 0
5900 2 5
3340 1 5
3880 1 0
3430 4 8
8050 1 0
2920 2 0
4990 5 0
8000 4 12
4770 3 12
6770 5 0
5960 2 0
2620 1 16
5360 3 16
1430 1 0
3800 1 0
9440 4 0
2750 1 21
3800 1 21
5780 5 0
7220 2 0
3710 3 0
9150 4 26
3930 2 0
8360 3 26
2430 5 0
5430 5 0
7100 4 30
8080 2 30
5380 1 0
3670 4 0
9470 3 0
1080 1 0
5990 2 36
3110 3 36
5250 2 0
4200 3 40
4940 5 0
6450 2 40
9060 1 0
7330 1 0
570 4 45
8110 4 45
6250 2 0
2330 4 0
7670 1 0
1890 4 50
6470 3 0
4590 4 0
8830 1 0
980 1 52
9510 3 0
3910 2 56
5200 2 56
1550 1 0
1230 1 59
31500 60
2320 2 0
9900 1 1
1910 4 1
5570 5 0
1470 4 0
6360 3 5
4470 5 5
3510 5 0
850 3 8
4430 2 0
7240 3 0
3720 2 0
6240 2 12
5830 1 12
9820 5 0
5120 5 0
3250 5 16
5560 5 16
9110 1 0
3270 1 0
7920 3 0
2310 1 21
8840 4 21
7230 3 0
9500 1 0
4470 4 0
3950 5 26
2300 3 0
2830 4 26
4900 3 0
850 5 0
8160 2 30
3720 5 30
6280 4 0
9170 5 0
6810 3 0
9930 3 0
2560 5 36
8780 3 36
1640 5 0
4340 4 40
8780 5 0
4700 3 40
8040 5 0
4990 4 0
7180 2 45
5980 4 45
8190 5 0
6220 4 0
690 2 0
8230 4 50
150 4 0
530 2 0
6540 5 0
3720 5 52
2520 2 0
3530 4 56
9980 3 56
4980 1 0
3190 3 59
31500 60
7850 5 0
7840 2 1
920 1 1
8010 2 0
110 2 0
5310 1 5
7470 2 5
9460 2 0
2030 4 8
5400 4 0
330 1 0
9720 4 0
8020 3 12
100 4 12
9910 5 0
3800 3 0
7320 5 16
3390 3 16
6970 3 0
6200 4 0
4560 1 0
3330 1 21
2470 4 21
9530 1 0
3190 5 0
1210 4 0
3610 3 26
1220 3 0
9580 1 26
2850 1 0
1140 5 0
2630 2 30
7610 5 30
780 2 0
7170 4 0
8730 2 0
8050 2 0
4520 1 36
7900 3 36
3900 5 0
5060 3 40
7710 3 0
2140 4 40
4990 1 0
540 3 0
1170 1 45
120 4 45
710 4 0
8870 4 0
5210 3 0
4530 1 50
6610 4 0
5270 5 0
2600 5 0
2120 2 52
1360 5 0
2590 1 56
280 1 56
1640 5 0
1840 5 59
31500 60
8420 3 0
720 2 1
6140 4 1
3040 2 0
3190 2 0
9430 1 5
3610 2 5
2380 5 0
5120 2 8
8830 5 0
1080 4 0
7490 5 0
400 4 12
1080 4 12
2460 3 0
7580 3 0
40 2 16
6640 5 16
2370 4 0
4080 1 0
5710 1 0
5770 5 21
5230 2 21
6370 2 0
4720 4 0
820 3 0
7710 4 26
9790 3 0
3050 4 26
7090 5 0
3460 3 0
6570 1 30
9580 3 30
1070 1 0
6230 1 0
2370 3 0
6900 5 0
4960 4 36
1140 1 36
7380 2 0
530 1 40
7210 2 0
3080 5 40
4850 3 0
7960 2 0
8550 2 45
6800 5 45
3140 1 0
6650 2 0
4950 5 0
5430 3 50
5030 4 0
1030 3 0
3880 4 0
690 2 52
950 2 0
9690 1 56
2650 3 56
7870 2 0
6970 2 59
31500 60
6120 2 0
1270 4 1
230 3 1
5650 4 0
2550 2 0
6900 2 5
8850 1 5
3350 3 0
2840 4 8
780 4 0
9470 2 0
370 3 0
5910 1 12
7830 4 12
2760 4 0
3650 3 0
6100 1 16
8910 4 16
6760 2 0
8430 3 0
1310 1 0
2480 1 21
500 5 21
840 3 0
4370 5 0
8390 5 0
9670 3 26
500 1 0
9480 2 26
3480 4 0
1990 1 0
9240 4 30
8660 4 30
2670 4 0
2450 4 0
8640 4 0
7210 2 0
8470 3 36
1060 4 36
7140 3 0
2680 5 40
8440 4 0
700 3 40
3090 3 0
4490 5 0
4200 1 45
7720 5 45
3380 4 0
590 3 0
580 1 0
1870 3 50
6530 1 0
9920 5 0
7160 2 0
9880 1 52
7070 3 0
9700 4 56
360 3 56
2280 5 0
8960 3 59
31500 60
8900 1 0
870 1 1
6130 4 1
1670 3 0
9750 5 0
9810 3 5
5990 4 5
8080 3 0
8710 4 8
2950 3 0
8480 1 0
5970 4 0
890 5 12
1860 5 12
1090 1 0
9340 1 0
8260 1 16
8390 5 16
8310 1 0
1330 2 0
980 3 0
7740 2 21
4850 4 21
2290 4 0
130 3 0
4400 1 0
4260 2 26
100 3 0
6080 4 26
7490 1 0
5900 2 0
8780 1 30
660 4 30
2100 5 0
3370 5 0
1650 1 0
5700 1 0
6830 1 36
8790 1 36
8860 3 0
2920 5 40
5770 4 0
1780 4 40
7800 2 0
4520 4 0
7020 2 45
6470 5 45
6420 4 0
1710 2 0
2100 2 0
8450 2 50
9180 5 0
1780 5 0
6680 4 0
7010 2 52
3340 4 0
3560 2 56
4330 1 56
8610 1 0
1280 2 59
31500 60
3730 4 0
1150 1 1
9520 1 1
1820 4 0
5400 1 0
7750 2 5
6980 4 5
920 4 0
4120 3 8
3360 5 0
2950 3 0
9870 1 0
9050 4 12
6350 1 12
7550 3 0
6890 2 0
4570 1 16
4650 5 16
5590 2 0
8230 3 0
1830 3 0
3990 1 21
8640 5 21
2800 4 0
8770 5 0
2620 2 0
3400 5 26
4350 2 0
8060 3 26
850 3 0
6840 3 0
170 4 30
340 4 30
560 3 0
2280 5 0
1130 2 0
7780 1 0
3830 5 36
8980 3 36
4760 2 0
2360 4 40
9280 4 0
2620 5 40
6130 5 0
4310 3 0
4320 4 45
2900 1 45
3410 3 0
8010 3 0
6100 3 0
9120 2 50
5440 5 0
5500 5 0
5100 1 0
9850 5 52
5380 3 0
150 4 56
3490 3 56
4390 3 0
8320 1 59
31500 60
200 5 0
3810 4 1
2150 3 1
9200 2 0
8100 3 0
760 5 5
5730 2 5
2770 4 0
8910 2 8
6230 5 0
1090 3 0
2430 1 0
140 2 12
4110 2 12
4510 5 0
9080 1 0
5160 4 16
7830 3 16
8490 4 0
3820 1 0
5110 5 0
1360 4 21
8390 1 21
4580 1 0
7220 1 0
1770 5 0
3930 4 26
1370 3 0
8540 3 26
3550 1 0
310 4 0
3600 1 30
400 3 30
3010 3 0
3070 2 0
2270 5 0
9750 5 0
3060 1 36
7060 1 36
9140 2 0
3810 3 40
7680 1 0
5550 4 40
620 4 0
220 2 0
5200 3 45
1050 3 45
2670 4 0
7890 3 0
40 4 0
2790 5 50
6840 2 0
8780 1 0
6160 4 0
2450 2 52
1230 4 0
910 1 56
1950 5 56
8710 2 0
4930 3 59
31500 60
1170 2 0
9100 1 1
9220 1 1
3550 1 0
2100 5 0
5430 2 5
5480 1 5
6960 2 0
6360 1 8
5120 4 0
8890 4 0
6630 2 0
7960 2 12
5270 4 12
5100 4 0
250 2 0
3290 5 16
5290 4 16
3700 4 0
2400 5 0
2960 4 0
1730 3 21
9640 1 21
7010 2 0
4510 1 0
6940 5 0
7760 3 26
6130 4 0
4720 3 26
5360 3 0
5560 1 0
6820 3 30
8550 2 30
2880 2 0
6060 2 0
6200 4 0
8410 3 0
380 5 36
3470 3 36
7230 4 0
8160 3 40
8770 3 0
2750 5 40
8960 3 0
5470 1 0
7410 4 45
750 5 45
6500 4 0
7690 5 0
2570 2 0
4050 5 50
7630 1 0
610 3 0
9760 1 0
140 1 52
1930 1 0
9380 3 56
9170 5 56
7710 1 0
1860 5 59
31500 60
630 1 0
4700 5 1
360 1 1
850 1 0
1930 3 0
4380 3 5
8360 3 5
5900 2 0
7310 5 8
2550 5 0
2750 1 0
7130 1 0
7380 5 12
7370 1 12
3400 3 0
1660 3 0
7830 1 16
4700 1 16
1260 3 0
9600 5 0
1090 5 0
9490 5 21
5530 4 21
570 5 0
480 4 0
5350 3 0
3970 1 26
6310 5 0
3110 2 26
2660 4 0
5380 5 0
7430 4 30
8430 5 30
6840 5 0
1630 2 0
7080 4 0
7920 1 0
6330 4 36
8030 1 36
7210 4 0
6260 4 40
7160 4 0
70 2 40
4830 4 0
4100 4 0
6170 2 45
5280 1 45
7510 2 0
2720 4 0
9220 1 0
2860 5 50
7030 5 0
500 1 0
9800 2 0
9060 3 52
6200 4 0
80 1 56
2010 5 56
3260 5 0
9710 3 59
31500 60
860 4 0
9520 3 1
6690 3 1
9800 3 0
9820 5 0
380 5 5
5750 2 5
1490 1 0
4550 3 8
2720 5 0
3990 2 0
1140 1 0
310 4 12
7720 4 12
5420 1 0
3340 3 0
7670 5 16
7890 4 16
1270 2 0
9900 4 0
3110 5 0
5100 5 21
4090 4 21
6830 1 0
7670 5 0
1120 5 0
6680 4 26
8540 2 0
7420 3 26
1980 2 0
370 2 0
1000 4 30
200 5 30
4350 5 0
7550 3 0
3060 2 0
5730 5 0
5890 5 36
2460 4 36
90 1 0
1420 2 40
3450 2 0
7110 1 40
6830 5 0
540 2 0
4730 4 45
9960 5 45
730 3 0
5700 4 0
6860 3 0
3530 3 50
900 3 0
5180 4 0
4060 4 0
8590 3 52
2270 2 0
7590 1 56
5210 4 56
5580 4 0
5180 5 59
31500 60
7770 3 0
3300 1 1
3860 1 1
860 4 0
3540 3 0
7780 4 5
9520 2 5
450 5 0
6740 1 8
3220 4 0
3420 2 0
240 3 0
5110 2 12
4190 3 12
8390 2 0
700 2 0
9800 1 16
7530 2 16
5450 1 0
1330 1 0
1890 4 0
8060 4 21
7590 5 21
7140 5 0
5220 5 0
6720 4 0
8140 1 26
5350 4 0
6190 1 26
4570 1 0
630 4 0
9340 2 30
6830 4 30
2240 5 0
2370 2 0
7760 5 0
3920 1 0
510 1 36
1310 4 36
5740 4 0
2560 3 40
770 1 0
3720 3 40
9350 1 0
8340 1 0
9670 1 45
680 3 45
1120 4 0
5650 4 0
3620 5 0
7240 1 50
7110 4 0
4680 3 0
1420 3 0
7130 4 52
3350 4 0
3320 2 56
5090 5 56
1520 1 0
5440 4 59
31500 60
5530 5 0
5300 1 1
2940 3 1
8640 1 0
4070 2 0
480 3 5
6320 2 5
9140 2 0
6800 5 8
1970 4 0
9890 1 0
7430 4 0
5220 2 12
6820 2 12
9800 5 0
7430 4 0
8320 3 16
8160 5 16
6750 4 0
2080 4 0
6620 2 0
4920 5 21
9100 2 21
7100 5 0
5650 4 0
400 5 0
2840 5 26
3380 4 0
2670 4 26
9600 2 0
4740 5 0
4150 4 30
6680 5 30
3650 4 0
2740 3 0
280 4 0
4300 5 0
7490 2 36
100 3 36
410 4 0
4210 4 40
7930 2 0
2070 1 40
4910 1 0
8380 5 0
8890 4 45
4400 5 45
7110 2 0
7630 1 0
7220 5 0
7900 2 50
5370 3 0
3880 2 0
3000 3 0
6270 2 52
9600 5 0
6430 2 56
2210 2 56
2670 5 0
590 5 59
31500 60
1390 4 0
2920 3 1
1330 5 1
7810 3 0
6460 4 0
680 1 5
7760 2 5
190 1 0
6400 2 8
9210 4 0
8850 5 0
2180 5 0
6640 5 12
3910 4 12
9600 4 0
9090 1 0
1090 3 16
8430 5 16
7000 2 0
8970 1 0
6870 4 0
1430 3 21
9260 4 21
5900 1 0
1300 5 0
3800 5 0
8010 5 26
6320 4 0
1890 3 26
8940 1 0
6560 5 0
4300 4 30
9640 4 30
3050 3 0
790 3 0
8110 3 0
8720 5 0
6640 3 36
2430 4 36
5250 1 0
9500 2 40
3400 5 0
3480 3 40
8180 2 0
7760 1 0
2710 4 45
4430 4 45
5010 4 0
140 1 0
6780 4 0
8780 3 50
5960 5 0
9530 4 0
7300 4 0
5870 1 52
7620 4 0
3330 2 56
7330 2 56
9620 1 0
9680 3 59
31500 60
8330 2 0
9820 2 1
1920 5 1
590 2 0
2490 1 0
6900 3 5
5840 5 5
4910 1 0
9550 1 8
5770 1 0
2700 3 0
7760 4 0
7100 2 12
2790 1 12
2430 5 0
6850 1 0
6890 5 16
4890 1 16
2480 1 0
6950 1 0
3540 4 0
590 2 21
420 2 21
4580 3 0
1950 2 0
4590 3 0
2210 5 26
9230 3 0
2030 4 26
3500 4 0
5060 5 0
8370 2 30
4260 3 30
130 3 0
1270 1 0
2710 4 0
8210 5 0
2530 4 36
1620 4 36
7400 1 0
4710 3 40
7130 1 0
7060 1 40
5040 2 0
2270 1 0
1280 3 45
6350 5 45
3510 5 0
4980 1 0
3850 1 0
7800 3 50
9170 5 0
7450 3 0
680 5 0
2620 4 52
7710 1 0
2500 2 56
2130 2 56
4070 4 0
1080 2 59
31500 60
7680 4 0
1100 1 1
9060 4 1
2270 4 0
8300 1 0
2070 3 5
2020 5 5
2230 5 0
8240 4 8
3510 3 0
1580 4 0
9420 1 0
9790 3 12
9340 1 12
5790 1 0
9240 2 0
3280 4 16
2520 4 16
3770 4 0
500 4 0
3880 5 0
9860 2 21
6690 3 21
5170 4 0
4610 3 0
1050 1 0
7030 4 26
1460 2 0
8000 1 26
1310 1 0
700 1 0
8630 5 30
9180 3 30
7670 3 0
3710 3 0
4140 5 0
1420 2 0
5620 5 36
5330 1 36
2920 2 0
3490 5 40
5270 3 0
3510 5 40
4490 2 0
2280 4 0
8040 2 45
8690 4 45
3110 4 0
2920 1 0
6940 4 0
70 4 50
9350 3 0
6560 1 0
1350 1 0
8070 3 52
8130 1 0
6420 3 56
9630 5 56
9550 2 0
6240 4 59
31500 60
5590 4 0
920 1 1
6000 1 1
2480 5 0
1930 3 0
9110 1 5
5600 1 5
9730 2 0
5320 1 8
2680 3 0
5850 4 0
1520 5 0
2210 5 12
1710 5 12
2620 3 0
8880 2 0
1690 5 16
8490 3 16
1500 3 0
3190 4 0
2380 1 0
1110 5 21
5970 5 21
3010 2 0
8380 1 0
9380 3 0
2520 4 26
4110 1 0
2170 4 26
1880 4 0
7850 1 0
6440 2 30
8390 4 30
3240 1 0
9230 5 0
5880 5 0
810 1 0
5960 4 36
6670 5 36
8550 1 0
9880 5 40
920 4 0
420 2 40
4800 2 0
1360 3 0
1330 3 45
6840 3 45
7110 1 0
90 4 0
7290 2 0
7820 2 50
8750 3 0
1950 2 0
430 4 0
9900 2 52
5090 4 0
4980 4 56
4930 5 56
1010 4 0
420 3 59
31500 60
4600 4 0
4450 2 1
990 1 1
7460 2 0
2450 4 0
9130 1 5
2810 4 5
2870 1 0
200 1 8
6080 5 0
3680 4 0
990 1 0
8670 2 12
8740 3 12
3300 3 0
1820 5 0
6180 2 16
3590 4 16
960 2 0
740 3 0
760 1 0
980 4 21
600 4 21
810 3 0
7570 5 0
7870 4 0
8310 2 26
5090 4 0
7880 5 26
6700 3 0
2860 4 0
2310 4 30
7290 4 30
1470 3 0
7370 4 0
1690 1 0
5420 5 0
360 2 36
1360 4 36
8220 4 0
2950 5 40
5440 2 0
550 1 40
2880 5 0
5370 5 0
1840 3 45
7600 5 45
4760 1 0
8110 3 0
5920 4 0
5520 2 50
6660 2 0
9500 1 0
8130 2 0
2920 3 52
6230 5 0
7220 2 56
3470 2 56
8310 1 0
5050 1 59
31500 60
1680 5 0
1050 1 1
1940 1 1
1370 2 0
7620 3 0
360 1 5
7270 1 5
8860 3 0
8860 1 8
840 1 0
5140 4 0
620 4 0
7810 3 12
6530 4 12
3420 1 0
9510 1 0
1920 3 16
6790 2 16
5240 3 0
5450 5 0
1940 2 0
6250 5 21
7520 2 21
6210 1 0
9170 3 0
3000 1 0
1050 2 26
1610 3 0
1490 4 26
7990 3 0
630 4 0
4470 4 30
2950 1 30
8540 5 0
7180 5 0
6350 5 0
130 1 0
6970 4 36
1130 5 36
4500 4 0
5100 1 40
8600 4 0
9210 5 40
2830 4 0
1000 5 0
5840 5 45
2910 3 45
6370 5 0
2800 5 0
90 5 0
3160 3 50
5700 5 0
7680 2 0
2620 1 0
230 3 52
9080 5 0
3620 5 56
9900 2 56
2300 4 0
7520 4 59
31500 60
3310 3 0
1860 2 1
7220 3 1
6010 1 0
5510 5 0
8430 2 5
6730 5 5
5600 1 0
7320 2 8
640 2 0
2310 3 0
8440 4 0
9960 3 12
9900 5 12
4650 1 0
6980 5 0
2580 1 16
6910 4 16
4020 4 0
2350 3 0
4690 1 0
7620 4 21
3970 4 21
6160 3 0
430 2 0
6360 5 0
4500 1 26
4910 3 0
1710 4 26
5030 3 0
6590 4 0
3550 4 30
7430 3 30
5490 3 0
7040 3 0
9490 2 0
2040 5 0
890 4 36
8860 5 36
7900 2 0
8920 1 40
890 3 0
7280 3 40
8150 3 0
5050 2 0
680 3 45
9510 4 45
2900 4 0
3610 1 0
5650 3 0
5950 5 50
1740 1 0
8850 2 0
7300 2 0
7620 4 52
8200 4 0
5460 5 56
5580 3 56
7560 5 0
150 1 59
31500 60
8460 5 0
1230 4 1
4030 5 1
9490 5 0
4980 2 0
3920 1 5
4560 1 5
1560 2 0
8810 3 8
2120 3 0
270 1 0
3490 2 0
5470 5 12
1850 3 12
7850 2 0
9230 1 0
9160 1 16
9590 1 16
7600 5 0
840 1 0
360 3 0
5370 2 21
2170 3 21
9340 1 0
7610 4 0
1660 2 0
340 5 26
7320 4 0
5820 4 26
3040 2 0
290 3 0
6230 4 30
4950 4 30
1800 4 0
8270 1 0
7200 2 0
9610 1 0
4950 2 36
7960 2 36
2060 3 0
6640 5 40
3780 2 0
780 2 40
4350 2 0
7600 3 0
20 2 45
6690 5 45
8830 2 0
3030 4 0
130 2 0
9630 4 50
240 1 0
6100 3 0
5480 1 0
5320 5 52
7570 1 0
4300 3 56
990 1 56
5610 4 0
5380 5 59
31500 60
1740 1 0
1930 5 1
3520 3 1
2320 4 0
3850 4 0
5280 4 5
9470 1 5
9190 5 0
8490 2 8
2040 3 0
2430 1 0
2970 2 0
7540 2 12
9170 5 12
630 3 0
4440 4 0
4850 1 16
4170 2 16
9540 1 0
9010 4 0
5960 5 0
2830 2 21
8590 5 21
8740 5 0
1900 5 0
3740 4 0
9150 2 26
1480 2 0
3670 1 26
6770 2 0
2990 2 0
7430 5 30
8590 3 30
690 3 0
3340 4 0
6470 3 0
5010 4 0
20 2 36
7360 2 36
2710 3 0
8780 5 40
6800 2 0
7170 5 40
1650 1 0
7070 5 0
8860 4 45
2090 2 45
1660 2 0
6570 3 0
6360 3 0
1680 5 50
2400 2 0
750 4 0
1510 3 0
7820 2 52
4300 2 0
6710 5 56
8590 4 56
1870 1 0
6920 3 59
31500 60
6800 4 0
8790 4 1
9550 5 1
1810 5 0
6890 1 0
8360 2 5
2560 4 5
1860 2 0
9390 3 8
380 4 0
330 4 0
1860 1 0
2400 2 12
60 4 12
7300 5 0
8310 3 0
6370 3 16
5890 2 16
7520 5 0
2320 5 0
1200 4 0
7640 1 21
5720 2 21
1150 2 0
5070 3 0
9510 3 0
3270 4 26
6720 2 0
2340 5 26
8070 4 0
1980 2 0
1910 5 30
4860 2 30
3690 4 0
6310 1 0
5460 2 0
1040 3 0
7640 2 36
3390 2 36
1080 1 0
2470 1 40
9610 4 0
8770 1 40
7010 3 0
5190 2 0
170 3 45
4160 1 45
880 1 0
4210 1 0
680 4 0
7680 1 50
7880 3 0
3500 1 0
7620 5 0
4770 5 52
6270 5 0
1330 4 56
4690 2 56
2960 1 0
1920 4 59
31500 60
6050 5 0
1620 4 1
1340 2 1
5170 2 0
4720 2 0
920 3 5
9860 5 5
9790 3 0
9490 2 8
7820 3 0
4830 4 0
6400 3 0
7190 5 12
4820 5 12
5750 3 0
3400 1 0
3060 5 16
6390 3 16
4010 1 0
8710 3 0
4890 4 0
8640 5 21
3960 4 21
3850 3 0
1850 4 0
2530 4 0
6610 2 26
7480 1 0
5950 4 26
590 5 0
3850 3 0
3980 4 30
1400 5 30
3580 2 0
7130 4 0
5990 1 0
1270 2 0
4890 2 36
3100 5 36
850 3 0
160 1 40
3990 5 0
4750 5 40
3110 5 0
690 1 0
5110 4 45
1940 1 45
8040 5 0
2810 3 0
9390 4 0
2570 1 50
7770 5 0
7480 4 0
6630 5 0
3220 3 52
800 1 0
1800 3 56
9720 2 56
8170 1 0
7180 5 59
31500 60
7250 1 0
740 5 1
9830 4 1
8200 3 0
2050 5 0
7790 5 5
240 4 5
2510 3 0
5620 1 8
1970 2 0
5190 1 0
1120 2 0
6540 3 12
2890 3 12
9670 4 0
1140 2 0
8030 4 16
5190 3 16
6350 4 0
4460 4 0
4270 5 0
1980 3 21
9080 4 21
7940 2 0
7160 5 0
3420 1 0
4870 2 26
8420 1 0
7120 1 26
2360 3 0
710 3 0
6240 3 30
4480 1 30
2480 2 0
9080 5 0
8000 4 0
6980 5 0
7710 3 36
6750 5 36
2660 2 0
7440 5 40
1600 5 0
8340 3 40
2450 1 0
1200 1 0
3570 4 45
1400 2 45
8650 1 0
6920 3 0
8370 3 0
3440 4 50
1830 3 0
2640 5 0
6720 5 0
4060 4 52
7660 5 0
3180 4 56
650 3 56
1280 5 0
7510 1 59
31500 60
9150 2 0
7840 4 1
4930 2 1
7310 1 0
5410 2 0
6060 3 5
150 5 5
990 3 0
3960 2 8
4050 2 0
7060 1 0
6980 5 0
560 3 12
2620 2 12
6540 1 0
550 1 0
1130 5 16
1870 2 16
1900 4 0
1600 1 0
3840 2 0
660 3 21
4160 4 21
2480 2 0
1170 4 0
2690 4 0
7930 4 26
8510 3 0
6860 5 26
8650 3 0
7810 2 0
9520 3 30
2500 2 30
6620 2 0
2200 4 0
8900 2 0
510 1 0
3120 4 36
6330 1 36
70 1 0
2560 5 40
4230 5 0
9850 4 40
8050 1 0
7030 3 0
7800 2 45
2530 2 45
6370 1 0
4770 3 0
5490 3 0
8360 5 50
7310 5 0
2000 4 0
4860 4 0
7390 3 52
30 4 0
1500 4 56
1750 2 56
690 2 0
7780 5 59
31500 60
9790 1 0
6160 5 1
5580 3 1
8690 1 0
7670 4 0
9610 2 5
380 2 5
8100 3 0
4590 2 8
6500 4 0
800 2 0
7640 2 0
9070 2 12
3520 5 12
6110 3 0
9810 3 0
9170 2 16
3570 5 16
2460 1 0
9480 3 0
5040 4 0
7420 3 21
9060 4 21
7880 1 0
9930 3 0
7160 2 0
1190 2 26
5990 2 0
5260 2 26
7440 5 0
7120 3 0
500 3 30
7130 1 30
7020 4 0
7440 3 0
7560 1 0
5350 4 0
1310 1 36
6780 1 36
540 3 0
7770 3 40
8770 4 0
8680 3 40
3770 1 0
4820 5 0
350 5 45
8130 1 45
530 5 0
2800 3 0
6560 4 0
8890 2 50
9100 2 0
4500 1 0
9010 4 0
5260 1 52
4580 4 0
3370 1 56
5150 5 56
3720 3 0
2170 5 59
31500 60
910 2 0
6310 3 1
8400 3 1
9050 5 0
9220 2 0
7400 2 5
1720 2 5
7650 2 0
4570 1 8
1430 3 0
5770 1 0
9000 5 0
9090 5 12
870 2 12
770 2 0
3150 1 0
3630 2 16
6700 5 16
3240 2 0
4630 1 0
3030 2 0
3780 2 21
3350 1 21
4710 4 0
4820 1 0
740 1 0
870 2 26
9940 3 0
9390 2 26
9580 5 0
8320 1 0
8630 1 30
430 1 30
2810 2 0
4420 2 0
7090 4 0
5530 3 0
2020 2 36
6270 3 36
7320 4 0
2960 4 40
540 1 0
2350 5 40
4930 4 0
7970 1 0
1930 2 45
7270 3 45
4420 1 0
230 1 0
760 2 0
130 5 50
6530 2 0
7850 3 0
4710 1 0
8410 4 52
2350 1 0
7450 5 56
1530 4 56
9970 5 0
680 4 59
31500 60
8070 3 0
590 5 1
5860 3 1
8360 3 0
1470 5 0
7680 3 5
2970 4 5
8360 3 0
3160 3 8
250 2 0
470 1 0
9690 2 0
6990 5 12
4580 2 12
6610 3 0
8600 3 0
30 3 16
5870 3 16
7390 5 0
6150 5 0
1010 1 0
2620 1 21
9700 5 21
730 2 0
9200 1 0
3830 2 0
8970 1 26
6370 2 0
7130 5 26
9980 4 0
7330 4 0
600 1 30
9600 2 30
7580 3 0
1280 5 0
20 3 0
3110 3 0
9100 1 36
6270 5 36
2790 3 0
7680 1 40
1010 2 0
5310 3 40
7300 1 0
7360 5 0
1850 2 45
1710 2 45
1150 2 0
6340 5 0
4580 3 0
3520 1 50
5090 5 0
9920 1 0
3200 4 0
2150 2 52
2310 4 0
2270 2 56
7070 1 56
8790 4 0
1600 3 59
31500 60
7810 2 0
8710 4 1
9470 4 1
1920 1 0
8690 1 0
1490 5 5
6390 2 5
1110 3 0
6840 1 8
5930 3 0
1810 3 0
450 5 0
2870 4 12
4390 3 12
1630 5 0
6640 5 0
7810 3 16
5400 1 16
2130 3 0
8870 5 0
320 3 0
9030 2 21
8880 5 21
8070 5 0
970 3 0
6000 4 0
9930 3 26
4250 5 0
1890 2 26
9900 5 0
1010 2 0
1960 1 30
8610 1 30
1050 3 0
6320 5 0
5660 1 0
2970 4 0
4180 4 36
9770 4 36
2190 2 0
2060 1 40
2140 4 0
4530 5 40
7920 3 0
2510 1 0
4980 3 45
3210 1 45
5410 2 0
5350 1 0
4480 4 0
8910 2 50
5280 2 0
7640 2 0
290 2 0
5900 4 52
7770 1 0
2960 4 56
8140 4 56
650 4 0
7100 5 59
31500 60
2760 4 0
10 5 1
5140 2 1
5610 5 0
3790 3 0
1680 5 5
2230 4 5
2250 4 0
3060 1 8
8400 1 0
5780 3 0
8490 4 0
5770 1 12
8090 2 12
110 4 0
1630 2 0
4210 3 16
4710 3 16
9460 1 0
1700 5 0
3180 2 0
2310 1 21
3350 1 21
6510 5 0
4300 5 0
3050 5 0
7620 4 26
7300 2 0
5880 3 26
2080 4 0
7620 5 0
390 5 30
8750 2 30
6780 1 0
1070 4 0
4030 4 0
9150 4 0
630 4 36
6460 3 36
6480 5 0
4860 2 40
6330 2 0
3230 1 40
3690 1 0
7680 4 0
3050 1 45
7230 4 45
370 1 0
3960 1 0
8960 2 0
8020 1 50
5600 3 0
700 1 0
1750 5 0
1820 2 52
4490 5 0
8140 5 56
8470 4 56
2450 3 0
2760 3 59
31500 60
5500 4 0
6890 2 1
5090 5 1
7070 4 0
8880 4 0
7600 1 5
5350 2 5
8330 4 0
5930 3 8
4250 3 0
2570 4 0
3490 4 0
500 3 12
5730 1 12
5780 2 0
2060 5 0
5010 3 16
7620 5 16
800 4 0
2990 3 0
1280 4 0
4090 1 21
1950 1 21
370 2 0
6290 4 0
7950 1 0
1350 1 26
7030 4 0
2220 2 26
5430 3 0
5160 3 0
5890 5 30
8670 2 30
1970 5 0
5050 3 0
7400 4 0
7580 4 0
1700 4 36
1060 3 36
2990 4 0
5500 4 40
2860 1 0
3960 1 40
800 2 0
7350 2 0
1170 3 45
2870 3 45
230 3 0
9720 1 0
7720 4 0
6740 2 50
3200 3 0
7480 1 0
6570 2 0
8650 4 52
7700 1 0
1270 4 56
1840 3 56
3530 2 0
4020 1 59
31500 60
5720 2 0
3790 5 1
3030 4 1
870 4 0
3960 3 0
860 5 5
6930 4 5
5360 2 0
8360 2 8
8030 4 0
8690 2 0
8470 1 0
7040 1 12
1190 1 12
6870 3 0
8290 2 0
5220 4 16
6420 5 16
8650 1 0
3810 3 0
6500 4 0
7530 1 21
3660 2 21
3640 1 0
7930 3 0
7340 1 0
7180 1 26
7960 5 0
1050 3 26
1980 5 0
8670 4 0
3660 2 30
9320 4 30
7880 1 0
2640 2 0
4770 4 0
4430 5 0
9410 2 36
1890 3 36
8610 5 0
1940 1 40
9700 3 0
3180 5 40
2000 2 0
8350 1 0
5730 1 45
5470 1 45
9150 3 0
7190 1 0
5860 5 0
6460 3 50
1520 5 0
9800 2 0
8020 1 0
3580 5 52
840 3 0
9550 2 56
1060 2 56
4900 3 0
1250 5 59
31500 60
3060 1 0
9360 3 1
2500 5 1
6460 5 0
7950 5 0
9920 4 5
5700 3 5
5670 2 0
4000 1 8
9320 3 0
2580 1 0
8960 5 0
3150 1 12
2480 2 12
3460 5 0
7280 4 0
6240 1 16
4160 2 16
2820 1 0
6530 1 0
3890 3 0
6180 5 21
620 2 21
5380 5 0
6340 3 0
260 4 0
1600 5 26
5930 4 0
1460 3 26
6960 5 0
8320 4 0
9200 1 30
7380 1 30
4270 4 0
3190 5 0
340 2 0
1670 2 0
6540 5 36
320 4 36
2440 3 0
1680 5 40
2390 5 0
5830 3 40
7410 4 0
6150 5 0
980 2 45
8680 2 45
190 1 0
7620 1 0
9850 4 0
7290 4 50
1590 4 0
8000 2 0
3810 4 0
2830 4 52
8250 1 0
9610 1 56
2930 3 56
370 4 0
9090 2 59
31500 60
1730 1 0
6890 1 1
8060 2 1
2230 4 0
5310 4 0
2660 1 5
670 4 5
9210 4 0
2260 3 8
8040 1 0
7510 1 0
2490 1 0
4740 1 12
5640 5 12
9960 1 0
7860 4 0
900 3 16
2740 5 16
4950 5 0
7740 3 0
4800 5 0
2450 2 21
3180 4 21
9070 1 0
3050 1 0
200 2 0
8880 2 26
2290 5 0
970 4 26
3810 2 0
3510 5 0
4560 2 30
3610 4 30
5390 5 0
1090 3 0
5250 4 0
2550 5 0
9860 2 36
6540 2 36
2110 4 0
3450 5 40
4090 2 0
60 2 40
9850 5 0
6180 2 0
6830 1 45
4790 1 45
9920 3 0
3290 3 0
5830 1 0
9180 4 50
1990 2 0
2430 3 0
1520 2 0
2630 4 52
2750 2 0
3500 4 56
710 5 56
2540 1 0
620 3 59
31500 60
3810 5 0
8940 4 1
6700 2 1
1950 4 0
3470 2 0
5600 2 5
1280 5 5
4740 1 0
10 2 8
4910 1 0
9870 3 0
3650 5 0
9070 1 12
9660 3 12
7930 2 0
8190 2 0
5990 3 16
2280 3 16
5680 2 0
3560 1 0
7250 1 0
2570 3 21
1240 5 21
4730 4 0
2360 2 0
6870 1 0
5760 1 26
9620 3 0
5550 3 26
1460 2 0
5880 1 0
5300 3 30
4190 3 30
440 2 0
350 2 0
4680 1 0
450 4 0
240 2 36
600 1 36
2650 4 0
5620 3 40
3940 2 0
2720 2 40
5870 2 0
1810 2 0
8740 5 45
3000 2 45
8880 2 0
5520 5 0
7050 1 0
4770 4 50
6770 4 0
5700 4 0
3720 1 0
2400 1 52
810 5 0
340 3 56
5930 1 56
2210 5 0
1580 5 59
31500 60
2380 4 0
9540 2 1
2860 4 1
1490 3 0
2530 5 0
5640 1 5
6430 1 5
6140 3 0
2110 5 8
9680 3 0
2170 2 0
5520 5 0
3550 5 12
4530 2 12
8770 1 0
140 4 0
8800 3 16
4570 3 16
2800 2 0
6710 3 0
4500 1 0
1390 2 21
3310 2 21
7740 1 0
3390 5 0
810 5 0
3060 3 26
8210 5 0
4110 2 26
560 2 0
6210 4 0
420 3 30
3080 4 30
1550 3 0
2080 4 0
930 1 0
610 5 0
360 4 36
1390 5 36
9380 2 0
9330 4 40
4070 5 0
3600 4 40
2280 3 0
2400 4 0
4700 1 45
3580 2 45
7860 4 0
2110 3 0
4730 3 0
2270 3 50
6770 2 0
5180 3 0
9980 2 0
60 1 52
7710 3 0
9120 3 56
2240 5 56
5740 5 0
9330 1 59
31500 60
9520 1 0
120 1 1
8910 5 1
9780 2 0
4830 1 0
4660 3 5
7800 1 5
5210 4 0
9850 3 8
1940 1 0
8230 2 0
3960 3 0
5080 2 12
5430 3 12
8650 2 0
1840 3 0
1040 3 16
710 5 16
4650 2 0
8500 2 0
5480 3 0
7690 1 21
8200 1 21
4600 2 0
5130 1 0
3080 2 0
3690 1 26
9330 1 0
6050 3 26
3180 2 0
8170 1 0
7360 3 30
1510 5 30
6770 1 0
5460 4 0
9730 3 0
380 2 0
8260 1 36
7670 2 36
6240 2 0
6040 5 40
6840 3 0
580 1 40
8580 5 0
1940 4 0
1330 3 45
5680 4 45
2870 2 0
4740 5 0
3470 2 0
6130 4 50
6910 4 0
6080 3 0
7030 1 0
7400 3 52
5820 5 0
4800 4 56
2150 5 56
1180 5 0
730 3 59
31500 60
4300 4 0
4600 3 1
2200 5 1
2380 2 0
8800 1 0
9970 2 5
250 4 5
7930 3 0
590 4 8
6280 4 0
5870 2 0
7680 1 0
1030 5 12
3760 2 12
4180 1 0
7900 2 0
770 5 16
6880 3 16
5620 4 0
1820 1 0
4030 2 0
4130 5 21
6560 4 21
5920 5 0
420 2 0
1570 3 0
9830 1 26
4020 2 0
2640 5 26
7470 4 0
4020 1 0
7040 2 30
5760 5 30
520 1 0
1120 2 0
4710 5 0
8060 4 0
3860 2 36
200 4 36
1690 1 0
8180 3 40
6150 4 0
9560 4 40
2470 4 0
4530 3 0
3670 4 45
2740 5 45
4460 5 0
660 3 0
4470 4 0
3570 5 50
6400 5 0
4000 1 0
4090 1 0
6940 5 52
9740 1 0
1940 4 56
7580 4 56
590 5 0
9380 3 59
31500 60
4610 1 0
230 5 1
1330 3 1
9610 1 0
5760 1 0
5640 3 5
6160 5 5
3260 4 0
7350 1 8
5180 1 0
5960 3 0
9020 1 0
9720 2 12
3170 1 12
7100 4 0
1900 1 0
3580 5 16
2050 5 16
8180 5 0
6010 2 0
6340 2 0
4790 5 21
3270 4 21
6550 3 0
9460 4 0
7190 2 0
5900 1 26
680 1 0
6550 2 26
4090 3 0
2810 2 0
9540 1 30
9640 1 30
6780 5 0
740 4 0
4690 5 0
6780 2 0
6470 5 36
6000 3 36
2210 1 0
990 4 40
2620 1 0
9260 2 40
570 3 0
9650 1 0
6340 5 45
4660 1 45
7530 1 0
5010 1 0
700 1 0
6810 3 50
3390 5 0
9820 2 0
9070 3 0
5170 3 52
4660 4 0
9130 5 56
8650 2 56
5910 3 0
1990 4 59
31500 60
9280 2 0
8310 5 1
7440 2 1
220 3 0
4310 1 0
1670 5 5
8920 1 5
9500 4 0
3270 5 8
4050 4 0
5410 4 0
3760 5 0
8280 4 12
520 3 12
6530 3 0
6560 2 0
6070 5 16
1570 2 16
8000 4 0
6130 3 0
6520 1 0
2870 4 21
5440 2 21
7040 5 0
5020 4 0
900 5 0
9760 5 26
8730 1 0
7460 5 26
3520 2 0
8700 3 0
4970 5 30
7820 5 30
1490 4 0
2010 2 0
7340 2 0
8030 5 0
7990 4 36
4630 3 36
5250 4 0
3000 2 40
9020 5 0
7070 5 40
8380 3 0
6640 5 0
2330 1 45
8920 3 45
1070 5 0
7430 3 0
8630 3 0
7500 3 50
2610 4 0
9080 3 0
9660 1 0
4460 1 52
4850 3 0
6310 1 56
2120 1 56
8390 3 0
7070 2 59
31500 60
8680 1 0
470 3 1
3420 3 1
2270 4 0
1870 2 0
5470 2 5
4930 4 5
5170 4 0
3700 2 8
3070 1 0
5610 1 0
730 2 0
8620 4 12
160 5 12
6480 1 0
2110 3 0
310 1 16
3710 5 16
4560 2 0
2300 3 0
250 2 0
6930 4 21
2510 5 21
7490 3 0
930 1 0
9280 2 0
4860 5 26
2010 5 0
3990 1 26
6830 1 0
6550 3 0
1570 5 30
1710 5 30
5980 1 0
2440 4 0
6170 4 0
1060 1 0
210 3 36
6120 2 36
5720 4 0
6360 5 40
9790 4 0
2590 5 40
4630 2 0
8970 5 0
6640 3 45
5740 5 45
6680 4 0
2840 5 0
8110 4 0
520 4 50
8050 5 0
9850 5 0
4480 2 0
5510 4 52
9170 3 0
480 5 56
5800 2 56
9400 4 0
9740 2 59
31500 60
7260 1 0
4620 1 1
5830 2 1
1210 3 0
4340 4 0
4500 5 5
6570 2 5
3250 4 0
6410 2 8
1810 3 0
7840 5 0
5460 3 0
8820 5 12
3040 5 12
7850 5 0
4640 1 0
8710 4 16
470 4 16
5080 4 0
1340 3 0
1480 4 0
2440 5 21
3930 5 21
9340 4 0
2500 2 0
2870 2 0
3160 1 26
5450 1 0
9620 5 26
1220 2 0
2950 4 0
5390 1 30
5510 5 30
2270 5 0
4270 1 0
7090 5 0
6130 1 0
3020 3 36
5810 2 36
6640 4 0
5720 2 40
3190 3 0
980 5 40
8560 5 0
2740 5 0
5700 3 45
4340 2 45
8940 2 0
2170 2 0
4890 4 0
3420 4 50
9520 1 0
1790 4 0
6530 4 0
8970 2 52
70 1 0
710 3 56
420 4 56
8770 1 0
7240 3 59
31500 60
2780 5 0
2740 2 1
6950 1 1
200 1 0
1510 2 0
1470 1 5
2280 2 5
3030 3 0
6910 2 8
6810 5 0
3210 4 0
2500 3 0
8370 3 12
1520 3 12
6690 2 0
3490 4 0
4830 5 16
2760 4 16
6910 3 0
4260 1 0
5520 5 0
4040 2 21
440 3 21
3900 1 0
7010 5 0
3050 2 0
5080 2 26
9830 2 0
2780 2 26
4630 5 0
8510 1 0
2850 5 30
4930 5 30
980 3 0
9050 1 0
9000 2 0
4020 5 0
2210 3 36
5560 1 36
1330 4 0
8620 1 40
2560 2 0
7590 1 40
3590 3 0
8190 2 0
8650 4 45
1960 2 45
110 5 0
4260 1 0
7280 4 0
1280 5 50
2950 2 0
2080 1 0
7330 2 0
820 1 52
5410 1 0
620 3 56
6600 3 56
3350 4 0
9880 2 59
31500 60
870 4 0
310 5 1
5950 1 1
9450 5 0
2440 3 0
8360 5 5
150 1 5
4410 2 0
630 1 8
9420 5 0
3040 4 0
9770 5 0
7990 4 12
30 3 12
6040 4 0
880 1 0
1650 2 16
4190 3 16
4050 5 0
3740 1 0
3690 3 0
5630 2 21
8720 5 21
8460 2 0
4470 5 0
5330 4 0
4580 5 26
4400 3 0
1220 2 26
5580 4 0
8160 1 0
1020 4 30
7240 3 30
2100 4 0
2290 5 0
4700 3 0
7550 4 0
4790 5 36
2020 3 36
7510 3 0
6870 3 40
7800 5 0
6970 3 40
4230 3 0
7080 4 0
2280 5 45
4060 3 45
4340 3 0
5350 3 0
690 3 0
9890 1 50
3920 4 0
1930 4 0
9290 4 0
340 4 52
6750 3 0
6540 4 56
3010 1 56
9840 5 0
6060 3 59
31500 60
4150 3 0
6320 1 1
6640 1 1
2840 3 0
1880 4 0
8120 5 5
9360 4 5
9180 1 0
3980 5 8
760 5 0
6980 1 0
3490 2 0
1590 3 12
530 1 12
5640 4 0
9740 2 0
5550 5 16
1760 4 16
940 5 0
250 4 0
5300 3 0
940 3 21
8290 2 21
5550 2 0
9770 1 0
2610 1 0
2990 5 26
880 4 0
3920 1 26
6900 3 0
8510 2 0
9790 3 30
5880 2 30
420 3 0
8870 5 0
7380 4 0
8420 2 0
4820 2 36
9660 4 36
1460 5 0
3010 5 40
80 4 0
8960 2 40
7460 4 0
3770 5 0
5270 2 45
1140 1 45
8620 1 0
7600 4 0
4870 3 0
1890 3 50
2860 1 0
4220 4 0
1870 4 0
3220 5 52
5720 3 0
6630 1 56
5050 2 56
2310 3 0
7940 5 59
31500 60
8090 4 0
5120 1 1
8920 2 1
3770 5 0
9740 5 0
7230 5 5
330 4 5
1080 5 0
7680 2 8
4190 1 0
90 2 0
8950 5 0
900 3 12
2330 1 12
3340 2 0
7170 5 0
3570 1 16
1700 1 16
5670 2 0
890 4 0
7060 3 0
9040 3 21
1050 2 21
5230 4 0
7570 5 0
5130 2 0
9970 4 26
7680 5 0
9960 2 26
8510 4 0
8640 5 0
1630 3 30
9640 2 30
8270 4 0
6510 3 0
9560 5 0
120 5 0
7450 4 36
1110 2 36
4970 5 0
9580 1 40
1940 5 0
5030 3 40
7280 3 0
3980 1 0
3140 1 45
7600 4 45
160 1 0
8470 1 0
9060 4 0
2320 1 50
740 5 0
4800 2 0
3440 1 0
5450 2 52
9740 3 0
6760 1 56
4520 1 56
6830 4 0
5800 3 59
31500 60
4650 1 0
4130 1 1
7020 4 1
3300 2 0
6420 2 0
4990 3 5
3700 2 5
10 4 0
5950 1 8
2190 3 0
5210 5 0
2850 2 0
8230 5 12
8100 3 12
280 2 0
6640 4 0
4940 2 16
1080 1 16
170 2 0
3550 4 0
3840 2 0
5840 2 21
7250 2 21
5500 1 0
8770 5 0
8840 1 0
5270 1 26
9680 1 0
2190 3 26
5240 4 0
2100 4 0
6380 2 30
4110 2 30
9640 4 0
1180 1 0
7700 2 0
7780 5 0
9790 3 36
9170 1 36
1020 5 0
7550 1 40
5840 3 0
3430 3 40
4990 3 0
6800 2 0
1660 2 45
8960 5 45
1990 4 0
6080 2 0
3350 3 0
5210 5 50
9390 5 0
3100 2 0
770 1 0
2930 2 52
4690 2 0
410 1 56
8290 5 56
3310 1 0
3820 1 59
31500 60
2460 3 0
7690 3 1
2020 4 1
2160 2 0
9550 4 0
6610 5 5
9750 4 5
2820 2 0
9940 1 8
7690 1 0
8760 2 0
1340 1 0
8970 3 12
2550 2 12
8240 3 0
5400 3 0
7810 2 16
290 2 16
720 5 0
9210 3 0
9410 3 0
5430 3 21
3300 5 21
870 1 0
7920 1 0
2110 2 0
1120 5 26
880 3 0
3450 1 26
6100 2 0
3250 5 0
2690 3 30
6640 2 30
9480 5 0
5570 5 0
4170 3 0
7180 3 0
8000 3 36
8190 5 36
3310 2 0
8540 3 40
2920 4 0
7430 4 40
9950 1 0
1630 3 0
7480 3 45
2950 5 45
7650 4 0
7410 3 0
2120 2 0
6690 4 50
2190 1 0
330 4 0
440 1 0
7590 4 52
8790 1 0
8220 1 56
3980 4 56
7920 4 0
180 1 59
31500 60
4450 4 0
1510 4 1
770 5 1
6800 2 0
3790 5 0
8850 2 5
2860 1 5
2260 3 0
1400 3 8
230 2 0
1480 2 0
3020 4 0
2930 5 12
4960 1 12
1250 2 0
8530 3 0
8310 5 16
650 4 16
7500 3 0
6030 4 0
7900 2 0
9320 5 21
570 5 21
5310 1 0
3720 4 0
3000 2 0
4000 4 26
2950 3 0
8520 4 26
8950 2 0
3770 5 0
2220 5 30
6230 3 30
8140 3 0
2800 4 0
3590 4 0
7810 4 0
6590 1 36
2750 5 36
8950 4 0
3110 1 40
2360 2 0
1470 2 40
2870 5 0
8710 1 0
3790 4 45
7080 4 45
880 5 0
8310 4 0
6780 5 0
3930 5 50
7670 5 0
2360 1 0
6040 5 0
9440 1 52
9130 4 0
840 3 56
2410 1 56
3930 5 0
8350 3 59
31500 60
6220 2 0
6020 2 1
5010 2 1
1160 2 0
9980 1 0
9880 4 5
8360 5 5
6660 1 0
8440 2 8
3680 1 0
3860 4 0
3180 3 0
2430 3 12
5810 5 12
1220 1 0
5490 3 0
6900 1 16
2690 3 16
3810 3 0
110 3 0
5690 3 0
6420 2 21
1650 2 21
7780 2 0
8750 4 0
6590 3 0
9020 5 26
3710 3 0
260 4 26
2280 3 0
9460 1 0
5180 3 30
8020 3 30
9640 3 0
8600 1 0
1080 4 0
7390 3 0
5110 1 36
630 1 36
1660 2 0
7700 3 40
8360 3 0
1470 5 40
7320 1 0
5340 1 0
4160 5 45
9790 3 45
100 1 0
6500 4 0
1330 3 0
7220 5 50
1350 5 0
9010 1 0
4760 2 0
4210 3 52
4520 3 0
9160 3 56
8330 5 56
3420 5 0
9850 1 59
31500 60
5660 1 0
8390 4 1
5810 4 1
9330 2 0
6070 5 0
6200 4 5
9910 5 5
3760 4 0
5440 3 8
7270 2 0
7480 1 0
9020 2 0
5960 5 12
2800 2 12
8910 1 0
720 5 0
5430 4 16
50 5 16
8560 1 0
1070 3 0
3460 3 0
4010 2 21
4490 1 21
1840 4 0
320 3 0
5240 5 0
9760 1 26
7140 3 0
8150 3 26
1610 3 0
6540 4 0
5290 4 30
8460 1 30
7030 1 0
340 3 0
5730 4 0
5760 1 0
130 3 36
3590 2 36
500 4 0
790 4 40
3090 5 0
7880 4 40
3090 2 0
6150 4 0
8370 1 45
4670 2 45
6430 2 0
6270 5 0
3440 3 0
1740 4 50
8420 4 0
6850 3 0
7950 3 0
720 5 52
6480 3 0
6370 1 56
7700 5 56
2820 1 0
7470 4 59
31500 60
130 3 0
7400 1 1
5560 2 1
4890 2 0
8610 1 0
9980 1 5
1470 1 5
4340 2 0
7470 1 8
2850 5 0
5650 3 0
2070 1 0
3600 4 12
7560 3 12
7170 5 0
590 1 0
520 2 16
5710 1 16
6000 2 0
2870 3 0
8710 4 0
7040 4 21
7290 3 21
6030 1 0
5490 4 0
5800 2 0
3910 5 26
6250 1 0
600 1 26
5040 2 0
8750 5 0
2260 3 30
7630 4 30
6570 5 0
5020 2 0
2820 4 0
8630 3 0
1950 1 36
5400 5 36
7680 2 0
8950 5 40
3400 2 0
3890 4 40
6420 1 0
8370 1 0
150 1 45
8680 3 45
1880 3 0
6800 3 0
9910 3 0
1380 4 50
9420 2 0
6480 4 0
7410 3 0
9750 1 52
4870 4 0
4010 1 56
9120 5 56
7220 2 0
7030 1 59
31500 60
140 5 0
7700 4 1
5250 3 1
2900 5 0
6340 1 0
4610 1 5
1700 4 5
2030 3 0
9790 3 8
5570 2 0
2970 1 0
450 2 0
4760 4 12
8630 4 12
8790 2 0
9620 3 0
4290 3 16
2690 4 16
6820 2 0
9330 2 0
5710 3 0
40 3 21
3580 2 21
9900 2 0
380 2 0
2840 3 0
2620 4 26
9070 3 0
830 5 26
2050 1 0
2210 2 0
6050 1 30
6610 1 30
7170 1 0
4460 5 0
2020 4 0
2240 4 0
970 4 36
4340 2 36
9400 5 0
2770 3 40
1960 5 0
2300 4 40
3470 3 0
4180 3 0
1890 5 45
5200 1 45
6100 1 0
4200 1 0
4480 5 0
5540 3 50
9140 3 0
940 2 0
540 4 0
710 1 52
5490 4 0
7030 2 56
6310 1 56
600 1 0
580 2 59
31500 60
5190 3 0
8350 4 1
7030 5 1
2580 2 0
3070 3 0
3380 3 5
500 1 5
4580 3 0
9750 1 8
1120 1 0
4290 3 0
1030 4 0
160 2 12
8220 1 12
5070 5 0
8700 2 0
860 5 16
4110 3 16
5020 3 0
310 5 0
8440 5 0
240 2 21
2760 5 21
6140 4 0
2290 2 0
9630 2 0
9960 4 26
2800 5 0
6070 5 26
1260 5 0
4510 1 0
7530 1 30
550 5 30
8080 4 0
9100 4 0
3430 5 0
1860 3 0
2140 2 36
4060 2 36
2000 5 0
9710 4 40
2440 2 0
6940 1 40
9780 2 0
7360 4 0
4120 1 45
3500 3 45
6900 3 0
5160 5 0
100 1 0
4930 5 50
8670 1 0
5600 3 0
3580 1 0
9880 3 52
7440 5 0
5630 3 56
4650 3 56
1790 5 0
910 2 59
31500 60
9030 5 0
2610 3 1
8790 4 1
6900 4 0
6520 5 0
6000 4 5
3550 2 5
5790 2 0
8270 5 8
6300 4 0
7430 2 0
230 5 0
5510 2 12
9460 4 12
1360 5 0
1370 1 0
9120 5 16
4740 4 16
2210 2 0
3260 2 0
6530 5 0
6430 5 21
6460 4 21
390 3 0
5800 5 0
840 1 0
7420 4 26
6550 2 0
1940 5 26
1570 3 0
5640 1 0
9000 1 30
8840 2 30
2460 4 0
9980 3 0
140 2 0
6320 2 0
9300 3 36
640 3 36
1830 5 0
3640 3 40
870 5 0
1930 4 40
6360 4 0
5420 3 0
8350 5 45
1060 3 45
7380 1 0
5850 4 0
8690 3 0
1540 2 50
3820 2 0
9610 5 0
6420 3 0
3950 2 52
320 2 0
130 3 56
3330 4 56
270 4 0
6390 3 59
31500 60
3620 5 0
5380 4 1
8880 4 1
7060 3 0
8890 2 0
2560 4 5
8030 5 5
6220 5 0
4580 3 8
1650 4 0
3810 5 0
1820 2 0
9370 3 12
2190 4 12
5660 1 0
5800 4 0
2330 5 16
3620 3 16
6360 5 0
6860 3 0
2690 4 0
8050 4 21
3760 3 21
3680 2 0
4690 2 0
4730 2 0
6100 5 26
8130 3 0
580 3 26
3970 2 0
2000 3 0
3380 1 30
140 2 30
5990 3 0
7200 1 0
1530 3 0
8230 2 0
2980 3 36
7760 1 36
1320 1 0
3080 3 40
3320 5 0
3970 5 40
7260 2 0
9920 4 0
8330 5 45
1960 5 45
9620 5 0
2070 5 0
3650 5 0
60 2 50
6440 1 0
4120 1 0
9870 4 0
7040 4 52
8490 3 0
5990 1 56
820 5 56
450 5 0
3950 1 59
31500 60
7200 2 0
280 3 1
9280 3 1
5940 4 0
2010 5 0
4480 5 5
8400 5 5
8520 1 0
2050 1 8
6050 4 0
1530 5 0
330 2 0
3830 1 12
4190 3 12
3550 2 0
8840 5 0
8710 3 16
8120 3 16
4470 2 0
4230 2 0
5120 4 0
1050 5 21
5330 2 21
6840 4 0
5120 5 0
8600 4 0
9690 4 26
2970 4 0
9660 2 26
2140 4 0
6290 5 0
8620 2 30
2580 1 30
2240 4 0
6110 1 0
1480 3 0
7620 3 0
2260 1 36
5020 3 36
1820 2 0
4880 4 40
7970 3 0
3170 5 40
2510 1 0
6510 1 0
1420 4 45
4720 3 45
9140 3 0
1590 1 0
3910 4 0
8540 4 50
9680 2 0
3140 2 0
3690 2 0
9890 2 52
7170 4 0
5010 5 56
6860 4 56
9110 2 0
9250 1 59
31500 60
9370 1 0
6210 2 1
1030 4 1
950 1 0
5930 5 0
9950 2 5
6800 3 5
9460 5 0
7900 1 8
4960 5 0
3530 2 0
5050 2 0
5190 4 12
3800 1 12
720 1 0
4950 5 0
2980 1 16
4010 4 16
9110 2 0
9820 1 0
50 3 0
6460 3 21
230 3 21
7700 1 0
5490 5 0
30 1 0
5120 3 26
7910 2 0
6020 4 26
8900 3 0
270 5 0
5510 5 30
5270 2 30
1410 2 0
240 5 0
3740 1 0
4920 4 0
1130 3 36
7650 2 36
9330 2 0
2250 1 40
9150 5 0
110 1 40
3820 2 0
4330 3 0
500 3 45
8890 1 45
5400 4 0
630 5 0
1690 3 0
9070 4 50
9220 2 0
6510 5 0
3330 2 0
3640 4 52
9900 2 0
3230 3 56
1520 4 56
9520 1 0
500 3 59
31500 60
5130 1 0
7920 4 1
1430 5 1
6480 3 0
6410 2 0
9970 1 5
6550 2 5
6720 5 0
6210 3 8
9890 1 0
5490 4 0
5260 1 0
8570 4 12
2340 5 12
7620 2 0
8420 1 0
6600 4 16
6990 5 16
9770 2 0
5110 3 0
2740 1 0
5590 5 21
6120 5 21
3720 3 0
1040 5 0
3090 5 0
5740 1 26
4600 5 0
6650 2 26
4100 3 0
5000 4 0
3280 5 30
2090 2 30
3970 4 0
170 1 0
7760 2 0
7200 4 0
2100 4 36
7140 4 36
1970 3 0
5020 5 40
6770 3 0
2100 2 40
2210 3 0
1980 2 0
2300 3 45
9160 2 45
5110 2 0
8820 4 0
3690 2 0
10 2 50
5420 5 0
1940 3 0
4810 3 0
9370 4 52
9060 4 0
6990 3 56
290 3 56
3170 3 0
4510 2 59
31500 60
230 5 0
5340 1 1
2070 4 1
3580 1 0
9930 4 0
6500 1 5
520 1 5
70 3 0
4770 3 8
390 4 0
7430 4 0
5120 3 0
7770 2 12
6860 1 12
580 5 0
7710 3 0
140 3 16
1680 3 16
5230 1 0
8990 2 0
3300 1 0
7180 3 21
7100 3 21
7260 2 0
8190 5 0
430 5 0
6000 4 26
6600 3 0
7790 5 26
4140 1 0
8500 1 0
3120 3 30
3970 3 30
7790 3 0
2050 2 0
5180 3 0
6860 2 0
6880 5 36
10 3 36
7250 1 0
5030 5 40
8700 4 0
6430 5 40
2790 2 0
4610 5 0
9290 1 45
8320 1 45
1250 5 0
3460 5 0
9610 4 0
7360 2 50
7790 1 0
9500 3 0
9900 2 0
9070 3 52
6560 4 0
7690 5 56
910 2 56
7500 5 0
8840 3 59
31500 60
9500 1 0
660 2 1
9510 3 1
5010 5 0
9950 3 0
8550 3 5
1940 3 5
8780 2 0
3770 4 8
680 5 0
9410 1 0
3450 3 0
530 1 12
320 4 12
5870 4 0
4660 1 0
9130 5 16
330 4 16
8670 1 0
620 2 0
3700 3 0
9130 2 21
3030 4 21
6640 2 0
2420 5 0
3220 4 0
2740 3 26
8050 3 0
6740 4 26
430 3 0
2960 1 0
5750 3 30
2450 2 30
3510 5 0
6490 1 0
4480 4 0
2440 1 0
1340 4 36
3580 2 36
3300 5 0
2330 3 40
9330 3 0
3250 2 40
9440 1 0
3820 5 0
2260 5 45
1610 5 45
5020 2 0
2180 1 0
1010 2 0
4210 5 50
7340 3 0
8600 4 0
9360 2 0
7620 4 52
2750 3 0
2730 2 56
8780 4 56
2530 5 0
3380 3 59
31500 60
5420 5 0
580 2 1
9150 5 1
7930 1 0
9800 2 0
9220 3 5
6560 1 5
2380 1 0
6660 1 8
1890 5 0
2560 2 0
6230 3 0
5920 3 12
3130 2 12
4720 2 0
3190 1 0
9780 3 16
490 5 16
6640 1 0
8070 5 0
3390 4 0
3580 1 21
5320 1 21
250 5 0
8180 5 0
4980 5 0
5120 1 26
9500 3 0
4740 1 26
8850 2 0
6780 5 0
3490 1 30
6560 3 30
2970 2 0
6570 5 0
7470 4 0
6010 3 0
570 5 36
4650 4 36
7230 2 0
3100 4 40
5020 2 0
8460 2 40
1210 5 0
950 3 0
820 3 45
3330 5 45
9530 4 0
9910 4 0
1720 4 0
4020 4 50
9550 3 0
3080 4 0
4910 3 0
7420 5 52
7440 1 0
2270 3 56
4010 4 56
4610 5 0
8010 5 59
31500 60
2490 1 0
5890 5 1
2290 3 1
5160 2 0
1360 3 0
3570 4 5
6070 1 5
5080 1 0
6740 1 8
8550 3 0
6340 5 0
140 3 0
3610 1 12
9680 1 12
50 3 0
1080 2 0
8560 1 16
4990 3 16
8830 3 0
6130 2 0
5440 1 0
3730 5 21
140 2 21
9640 2 0
3840 2 0
2780 4 0
8480 5 26
1490 4 0
9800 3 26
8780 2 0
550 3 0
3180 1 30
8800 2 30
1190 4 0
80 3 0
600 3 0
3320 5 0
2320 5 36
4150 2 36
4720 2 0
5590 2 40
9130 4 0
1380 5 40
1280 5 0
8560 2 0
4690 2 45
9390 5 45
2240 1 0
5500 2 0
860 2 0
900 5 50
5720 1 0
9890 2 0
930 1 0
5430 4 52
4390 3 0
5610 5 56
2750 3 56
8980 2 0
620 3 59
31500 60
9110 5 0
3930 5 1
8500 5 1
3580 3 0
1540 2 0
5220 1 5
7270 3 5
6970 4 0
3140 4 8
6510 5 0
4570 4 0
2730 3 0
790 1 12
6010 5 12
3110 4 0
2440 1 0
7670 5 16
9070 4 16
8170 4 0
100 4 0
6590 5 0
4390 2 21
7580 5 21
3890 5 0
8170 2 0
1650 4 0
7760 4 26
6100 5 0
4170 2 26
2920 5 0
990 3 0
7070 1 30
4500 5 30
5980 3 0
470 1 0
640 4 0
6730 1 0
2250 2 36
6090 5 36
100 4 0
1730 1 40
150 3 0
1280 1 40
7470 5 0
7230 1 0
9870 5 45
6450 2 45
930 2 0
8300 2 0
2520 4 0
2700 4 50
9180 3 0
160 5 0
7580 4 0
6890 1 52
7310 3 0
9960 1 56
6590 4 56
7680 2 0
4450 1 59
31500 60
9220 1 0
290 1 1
800 4 1
4170 5 0
1290 4 0
9620 3 5
1170 2 5
4130 2 0
8160 2 8
1690 4 0
5180 5 0
8160 3 0
9500 3 12
3580 5 12
3800 2 0
9060 1 0
9860 5 16
8360 2 16
2180 1 0
5280 2 0
9850 1 0
6250 3 21
7440 4 21
6220 1 0
8610 4 0
1830 3 0
2570 3 26
8740 1 0
3850 4 26
7040 3 0
5240 4 0
3240 2 30
7340 1 30
2780 1 0
50 1 0
5050 3 0
7390 4 0
9970 4 36
6630 3 36
3780 3 0
8640 1 40
7370 4 0
370 3 40
3010 1 0
5060 3 0
6450 1 45
7090 1 45
4290 1 0
80 5 0
5390 4 0
2270 1 50
8200 2 0
790 1 0
1930 2 0
3100 2 52
4430 4 0
1860 1 56
7830 2 56
3430 2 0
8670 4 59
31500 60
4140 2 0
4570 3 1
6470 5 1
7150 1 0
3410 5 0
8390 3 5
490 3 5
8460 3 0
9340 1 8
9060 3 0
1580 5 0
3450 1 0
8420 4 12
5150 5 12
2210 5 0
2080 4 0
6990 3 16
5080 4 16
3710 2 0
670 1 0
4260 4 0
9860 3 21
2800 3 21
2190 3 0
7660 2 0
4810 4 0
7870 3 26
6350 1 0
2320 4 26
4580 1 0
3690 1 0
2060 5 30
6370 1 30
230 4 0
2980 5 0
9360 2 0
7770 4 0
7170 3 36
9240 2 36
5250 1 0
5390 5 40
1650 1 0
3570 3 40
4140 4 0
8020 1 0
100 2 45
6250 1 45
5500 5 0
7330 1 0
1930 3 0
630 4 50
9340 3 0
8680 2 0
2890 3 0
5260 1 52
920 4 0
9300 3 56
2000 1 56
7310 3 0
7500 5 59
31500 60
7940 2 0
9220 1 1
4040 4 1
9140 3 0
5940 3 0
7020 5 5
2950 3 5
2180 1 0
4590 5 8
4730 3 0
8980 1 0
8890 4 0
5030 4 12
1630 5 12
8760 2 0
10 5 0
620 2 16
9910 2 16
9430 3 0
1080 4 0
9710 1 0
1570 1 21
6850 3 21
8640 2 0
1840 5 0
1540 4 0
9800 3 26
9170 3 0
5040 2 26
9290 3 0
3770 5 0
8530 2 30
6230 2 30
9840 2 0
500 5 0
1200 5 0
2960 5 0
4140 2 36
1100 2 36
6150 4 0
4910 1 40
300 2 0
7630 1 40
1980 5 0
3790 1 0
6450 5 45
1570 2 45
8510 1 0
2630 2 0
110 2 0
8920 5 50
9700 2 0
4580 5 0
530 2 0
3910 4 52
5310 4 0
5480 1 56
1500 3 56
5920 5 0
5850 1 59
31500 60
7300 1 0
2000 2 1
5830 1 1
7650 3 0
3940 1 0
1600 3 5
5710 5 5
6780 2 0
1440 2 8
9100 1 0
6420 1 0
5850 1 0
1730 1 12
3240 2 12
9180 2 0
7060 3 0
2430 1 16
4180 2 16
6190 1 0
4320 2 0
3620 4 0
3890 3 21
8850 1 21
2750 2 0
1580 5 0
2340 3 0
7190 5 26
6970 4 0
7570 4 26
5690 4 0
8570 2 0
4450 3 30
8910 1 30
4180 5 0
3600 5 0
8810 1 0
5760 2 0
4240 5 36
1510 5 36
7610 2 0
7540 1 40
9430 1 0
8740 1 40
9090 4 0
6880 4 0
360 1 45
8190 1 45
9350 1 0
80 1 0
1950 4 0
8470 1 50
8860 5 0
8860 1 0
1010 4 0
3570 4 52
3020 1 0
5450 3 56
6390 2 56
3280 4 0
8030 3 59
31500 60
7400 5 0
7860 5 1
8000 2 1
230 2 0
7250 3 0
910 2 5
640 1 5
1400 4 0
5670 5 8
4480 1 0
5970 4 0
8960 4 0
6470 3 12
6850 1 12
6040 1 0
1140 1 0
3160 1 16
1330 4 16
820 3 0
6960 1 0
2550 5 0
2740 1 21
1220 4 21
6330 3 0
7890 5 0
410 4 0
4440 1 26
3630 4 0
5190 2 26
1670 4 0
8230 3 0
1230 4 30
5960 4 30
970 2 0
6020 4 0
9240 1 0
810 5 0
9600 2 36
9890 5 36
4510 3 0
9880 1 40
1740 4 0
3110 3 40
8730 2 0
2610 4 0
660 1 45
1500 2 45
1010 2 0
690 1 0
1990 1 0
3900 3 50
9490 5 0
6250 2 0
5790 2 0
6510 1 52
3710 3 0
4140 2 56
1400 1 56
5440 3 0
5990 4 59
31500 60
4800 3 0
7470 3 1
3880 3 1
8450 5 0
1910 3 0
8980 5 5
4640 2 5
580 4 0
2370 1 8
5040 3 0
6450 3 0
5160 5 0
2260 2 12
4220 5 12
3730 5 0
850 5 0
530 2 16
3280 1 16
760 5 0
3520 3 0
9350 1 0
5020 3 21
6200 4 21
5530 3 0
5790 2 0
8610 5 0
1640 4 26
3910 1 0
4200 1 26
1500 5 0
9090 2 0
580 3 30
2040 5 30
5210 1 0
5440 2 0
4790 2 0
3220 2 0
3400 1 36
7400 4 36
3110 5 0
5500 5 40
6850 1 0
9510 5 40
1280 1 0
5490 4 0
7330 2 45
5330 5 45
990 2 0
880 3 0
880 1 0
2960 5 50
2720 5 0
8150 2 0
290 2 0
5230 4 52
9640 4 0
9710 5 56
8550 3 56
2260 5 0
7590 1 59
31500 60
7900 5 0
990 3 1
8400 2 1
6990 2 0
5380 4 0
360 2 5
3640 2 5
4180 4 0
3110 2 8
3370 4 0
2520 5 0
5440 1 0
5730 1 12
5520 2 12
8730 4 0
9140 5 0
7510 2 16
3680 4 16
6620 3 0
5470 1 0
5420 1 0
7010 4 21
7080 1 21
5230 3 0
3350 2 0
9290 5 0
850 3 26
3880 2 0
2040 3 26
250 2 0
5540 2 0
7160 3 30
1180 4 30
9430 2 0
2960 4 0
2080 5 0
5170 4 0
100 1 36
2430 3 36
3070 1 0
7880 2 40
8160 5 0
5380 3 40
5670 5 0
7120 4 0
9940 2 45
7250 2 45
3980 4 0
8350 4 0
8470 2 0
7340 4 50
9900 4 0
3840 5 0
4910 4 0
1260 2 52
9350 3 0
210 1 56
2930 3 56
1040 4 0
5450 4 59
31500 60
2930 5 0
720 3 1
4850 3 1
2980 2 0
2540 1 0
2240 5 5
2980 5 5
7860 4 0
1430 4 8
7410 1 0
2320 4 0
4140 3 0
9050 5 12
5590 3 12
440 1 0
6660 5 0
6600 4 16
1350 5 16
7380 5 0
640 5 0
440 1 0
8740 4 21
4510 1 21
7280 2 0
6780 4 0
8040 2 0
3170 2 26
8220 4 0
9580 3 26
9330 3 0
2050 3 0
5110 2 30
9760 1 30
6710 5 0
5030 3 0
6390 5 0
7640 4 0
8320 4 36
7560 3 36
5010 1 0
9440 5 40
5530 2 0
4040 1 40
4160 3 0
3890 2 0
7560 2 45
1840 4 45
1200 2 0
7140 1 0
7760 4 0
980 4 50
9170 3 0
7710 1 0
1990 4 0
80 2 52
1190 5 0
5660 4 56
2580 2 56
9780 3 0
4650 2 59
31500 60
9470 5 0
7600 5 1
6150 4 1
4080 2 0
1590 4 0
2840 1 5
3750 1 5
5370 3 0
9140 4 8
3050 4 0
2040 3 0
210 4 0
9210 1 12
2580 5 12
5460 2 0
3110 4 0
8120 1 16
2680 2 16
1400 1 0
6420 2 0
3840 1 0
1390 4 21
3300 3 21
6280 5 0
6670 3 0
8860 5 0
4200 2 26
8040 3 0
8450 4 26
8260 3 0
1060 3 0
5430 3 30
8310 2 30
1550 2 0
7440 1 0
8720 3 0
7580 1 0
150 3 36
5080 2 36
4330 5 0
2650 2 40
640 1 0
1420 1 40
620 3 0
2850 2 0
6480 2 45
4670 2 45
1350 4 0
3760 1 0
8110 1 0
4720 3 50
3790 2 0
3680 5 0
4690 3 0
6370 4 52
2290 4 0
2400 3 56
780 3 56
2680 4 0
4760 2 59
31500 60
6610 5 0
4230 5 1
9240 3 1
500 1 0
4960 5 0
3760 3 5
8270 1 5
1280 1 0
3240 4 8
3600 5 0
8560 3 0
820 1 0
2770 4 12
6880 3 12
5360 1 0
3160 3 0
7560 3 16
7130 2 16
5600 3 0
2080 3 0
9770 1 0
4830 3 21
6070 2 21
6460 2 0
6050 1 0
2530 2 0
1770 2 26
7840 4 0
2010 5 26
110 4 0
520 2 0
8960 2 30
5630 3 30
9470 2 0
7000 1 0
5710 5 0
850 4 0
4350 4 36
9210 4 36
8700 5 0
7300 3 40
5600 4 0
3440 1 40
5340 3 0
4080 5 0
9650 1 45
5530 3 45
3920 4 0
7320 1 0
1980 4 0
990 3 50
3300 4 0
4870 1 0
4040 5 0
9020 1 52
7390 1 0
550 5 56
6550 5 56
3640 1 0
2760 2 59
31500 60
5400 1 0
6950 5 1
4930 1 1
8820 2 0
7920 5 0
6430 4 5
3810 3 5
500 5 0
6100 3 8
1720 1 0
6580 4 0
3880 2 0
1310 1 12
5180 2 12
5140 1 0
8230 3 0
2600 4 16
9810 5 16
4310 5 0
3880 1 0
8300 4 0
840 5 21
510 4 21
7970 2 0
2720 2 0
610 1 0
5490 1 26
2140 2 0
3730 4 26
5860 2 0
2820 4 0
4790 3 30
8830 4 30
8530 5 0
9690 2 0
350 4 0
3290 4 0
6240 4 36
640 3 36
9930 1 0
4010 1 40
8530 1 0
1960 3 40
7440 1 0
2820 5 0
7140 5 45
4300 3 45
5570 3 0
5440 2 0
2880 3 0
2390 3 50
9940 3 0
4540 5 0
7230 1 0
4610 2 52
160 5 0
360 2 56
9710 2 56
9230 3 0
3070 4 59
31500 60
360 4 0
40 1 1
7940 2 1
610 4 0
8940 2 0
5560 4 5
40 3 5
1190 2 0
9900 1 8
2050 5 0
540 4 0
6820 5 0
6460 5 12
4500 3 12
9590 3 0
8840 5 0
3730 4 16
4010 4 16
9880 1 0
3800 2 0
2480 5 0
1530 1 21
8140 2 21
2260 1 0
3760 5 0
5980 4 0
6410 5 26
7060 1 0
9000 2 26
9500 5 0
7760 5 0
4140 3 30
6760 5 30
7150 3 0
4560 3 0
5000 4 0
8650 2 0
3900 1 36
9310 1 36
430 2 0
8400 1 40
9440 3 0
1500 2 40
8250 5 0
2060 2 0
10 4 45
2130 5 45
6050 5 0
2250 1 0
4500 2 0
160 1 50
7710 5 0
6240 2 0
6380 2 0
6000 5 52
4790 1 0
2380 4 56
260 2 56
2790 5 0
2850 1 59
31500 60
5910 1 0
5950 3 1
4430 2 1
3590 2 0
7480 1 0
4160 5 5
4450 2 5
3400 3 0
4740 1 8
5980 3 0
9490 2 0
2070 4 0
250 4 12
9150 3 12
6330 5 0
2400 4 0
1520 5 16
7540 5 16
7950 4 0
4020 5 0
9180 5 0
3500 5 21
7690 1 21
3330 3 0
6900 1 0
8470 5 0
5600 3 26
8440 5 0
2350 4 26
1550 5 0
6930 5 0
5870 5 30
1000 3 30
990 5 0
7510 2 0
3680 3 0
5940 3 0
2550 2 36
4330 2 36
5820 2 0
9860 5 40
5450 1 0
1610 1 40
3160 3 0
8690 2 0
6680 3 45
7730 2 45
5420 3 0
8470 5 0
4110 1 0
9440 4 50
4510 2 0
3870 3 0
9810 2 0
9840 3 52
5690 4 0
8640 5 56
8080 1 56
6910 3 0
7680 4 59
31500 60
4730 2 0
610 5 1
4390 1 1
6260 5 0
4800 1 0
7980 3 5
3520 4 5
6850 3 0
8890 3 8
6610 3 0
4580 5 0
2030 3 0
6010 4 12
7350 2 12
1320 3 0
6860 2 0
8750 1 16
7750 5 16
5440 1 0
9080 4 0
9150 3 0
4130 2 21
6920 3 21
9640 5 0
4550 5 0
2240 2 0
6570 4 26
1530 3 0
9480 2 26
1420 2 0
9570 2 0
6480 2 30
9330 3 30
7110 3 0
3500 5 0
1980 2 0
8280 1 0
5150 4 36
4030 4 36
4890 5 0
8250 1 40
6230 1 0
8880 3 40
1440 3 0
5090 5 0
6250 1 45
6190 4 45
7260 4 0
6850 5 0
5130 4 0
2970 1 50
8930 2 0
3820 4 0
9580 5 0
3840 2 52
5660 2 0
2280 2 56
7250 2 56
5210 3 0
5460 3 59
