1
21 79
800
1 1 1
1 79 1
1 79 1
1 79 1
1 79 1
1 79 1
1 79 1
1 79 1
1 79 1
1 79 1
1 79 1
1 79 1
1 79 1
1 79 1
1 79 1
1 79 1
1 79 1
1 79 1
1 79 1
1 79 1
1 79 1
1 79 1
1 79 1
1 79 1
1 79 1
1 79 1
1 79 1
1 79 1
1 79 1
1 79 1
1 79 1
1 79 1
1 79 1
1 79 1
1 79 1
1 79 1
1 79 1
1 79 1
1 79 1
1 79 1
1 79 1
1 79 1
1 79 1
1 79 1
1 79 1
1 79 1
1 79 1
1 79 1
1 79 1
1 79 1
1 79 1
1 79 1
1 79 1
1 79 1
1 79 1
1 79 1
1 79 1
1 79 1
1 79 1
1 79 1
1 79 1
1 79 1
1 79 1
1 79 1
1 79 1
1 79 1
1 79 1
1 79 1
1 79 1
1 79 1
1 79 1
1 79 1
1 79 1
1 79 1
1 79 1
1 79 1
1 79 1
1 79 1
1 79 1
1 79 1
1 79 1
1 79 1
1 79 1
1 79 1
1 79 1
1 79 1
1 79 1
1 79 1
1 79 1
1 79 1
1 79 1
1 79 1
1 79 1
1 79 1
1 79 1
1 79 1
1 79 1
1 79 1
1 79 1
1 79 1
1 79 1
1 79 1
1 79 1
1 79 1
1 79 1
1 79 1
1 79 1
1 79 1
1 79 1
1 79 1
1 79 1
1 79 1
1 79 1
1 79 1
1 79 1
1 79 1
1 79 1
1 79 1
1 79 1
1 79 1
1 79 1
1 79 1
1 79 1
1 79 1
1 79 1
1 79 1
1 79 1
1 79 1
1 79 1
1 79 1
1 79 1
1 79 1
1 79 1
1 79 1
1 79 1
1 79 1
1 79 1
1 79 1
1 79 1
1 79 1
1 79 1
1 79 1
1 79 1
1 79 1
1 79 1
1 79 1
1 79 1
1 79 1
1 79 1
1 79 1
1 79 1
1 79 1
1 79 1
1 79 1
1 79 1
1 79 1
1 79 1
1 79 1
1 79 1
1 79 1
1 79 1
1 79 1
1 79 1
1 79 1
1 79 1
1 79 1
1 79 1
1 79 1
1 79 1
1 79 1
1 79 1
1 79 1
1 79 1
1 79 1
1 79 1
1 79 1
1 79 1
1 79 1
1 79 1
1 79 1
1 79 1
1 79 1
1 79 1
1 79 1
1 79 1
1 79 1
1 79 1
1 79 1
1 79 1
1 79 1
1 79 1
1 79 1
1 79 1
1 79 1
1 79 1
1 79 1
1 79 1
1 79 1
1 79 1
1 79 1
1 79 1
1 79 1
1 79 1
1 79 1
1 79 1
1 79 1
1 79 1
1 79 1
1 79 1
1 79 1
1 79 1
1 79 1
1 79 1
1 79 1
1 79 1
1 79 1
1 79 1
1 79 1
1 79 1
1 79 1
1 79 1
1 79 1
1 79 1
1 79 1
1 79 1
1 79 1
1 79 1
1 79 1
1 79 1
1 79 1
1 79 1
1 79 1
1 79 1
1 79 1
1 79 1
1 79 1
1 79 1
1 79 1
1 79 1
1 79 1
1 79 1
1 79 1
1 79 1
1 79 1
1 79 1
1 79 1
1 79 1
1 79 1
1 79 1
1 79 1
1 79 1
1 79 1
1 79 1
1 79 1
1 79 1
1 79 1
1 79 1
1 79 1
1 79 1
1 79 1
1 79 1
1 79 1
1 79 1
1 79 1
1 79 1
1 79 1
1 79 1
1 79 1
1 79 1
1 79 1
1 79 1
1 79 1
1 79 1
1 79 1
1 79 1
1 79 1
1 79 1
1 79 1
1 79 1
1 79 1
1 79 1
1 79 1
1 79 1
1 79 1
1 79 1
1 79 1
1 79 1
1 79 1
1 79 1
1 79 1
1 79 1
1 79 1
1 79 1
1 79 1
1 79 1
1 79 1
1 79 1
1 79 1
1 79 1
1 79 1
1 79 1
1 79 1
1 79 1
1 79 1
1 79 1
1 79 1
1 79 1
1 79 1
1 79 1
1 79 1
1 79 1
1 79 1
1 79 1
1 79 1
1 79 1
1 79 1
1 79 1
1 79 1
1 79 1
1 79 1
1 79 1
1 79 1
1 79 1
1 79 1
1 79 1
1 79 1
1 79 1
1 79 1
1 79 1
1 79 1
1 79 1
1 79 1
1 79 1
1 79 1
1 79 1
1 79 1
1 79 1
1 79 1
1 79 1
1 79 1
1 79 1
1 79 1
1 79 1
1 79 1
1 79 1
1 79 1
1 79 1
1 79 1
1 79 1
1 79 1
1 79 1
1 79 1
1 79 1
1 79 1
1 79 1
1 79 1
1 79 1
1 79 1
1 79 1
1 79 1
1 79 1
1 79 1
1 79 1
1 79 1
1 79 1
1 79 1
1 79 1
1 79 1
1 79 1
1 79 1
1 79 1
1 79 1
1 79 1
1 79 1
1 79 1
1 79 1
1 79 1
1 79 1
1 79 1
1 79 1
1 79 1
1 79 1
1 79 1
1 79 1
1 79 1
1 79 1
1 79 1
1 79 1
1 79 1
1 79 1
1 79 1
1 79 1
1 79 1
1 79 1
1 79 1
1 79 1
1 79 1
1 79 1
1 79 1
1 79 1
1 79 1
1 79 1
1 79 1
1 79 1
1 79 1
1 79 1
1 79 1
1 79 1
1 79 1
1 79 1
1 79 1
1 79 1
1 79 1
1 79 1
1 79 1
1 79 1
1 79 1
1 79 1
1 79 1
1 79 1
1 79 1
1 79 1
1 79 1
1 79 1
1 79 1
1 79 1
1 79 1
1 79 1
1 79 1
1 79 1
1 79 1
1 79 1
1 79 1
1 79 1
1 79 1
1 79 1
1 79 1
1 79 1
1 79 1
1 79 1
1 79 1
1 79 1
1 79 1
1 79 1
1 79 1
1 79 1
1 79 1
1 79 1
1 79 1
1 79 1
1 79 1
1 79 1
1 79 1
1 79 1
1 79 1
1 79 1
1 79 1
1 79 1
1 79 1
1 79 1
1 79 1
1 79 1
1 79 1
1 79 1
1 79 1
1 79 1
1 79 1
1 79 1
1 79 1
1 79 1
1 79 1
1 79 1
1 79 1
1 79 1
1 79 1
1 79 1
1 79 1
1 79 1
1 79 1
1 79 1
1 79 1
1 79 1
1 79 1
1 79 1
1 79 1
1 79 1
1 79 1
1 79 1
1 79 1
1 79 1
1 79 1
1 79 1
1 79 1
1 79 1
1 79 1
1 79 1
1 79 1
1 79 1
1 79 1
1 79 1
1 79 1
1 79 1
1 79 1
1 79 1
1 79 1
1 79 1
1 79 1
1 79 1
1 79 1
1 79 1
1 79 1
1 79 1
1 79 1
1 79 1
1 79 1
1 79 1
1 79 1
1 79 1
1 79 1
1 79 1
1 79 1
1 79 1
1 79 1
1 79 1
1 79 1
1 79 1
1 79 1
1 79 1
1 79 1
1 79 1
1 79 1
1 79 1
1 79 1
1 79 1
1 79 1
1 79 1
1 79 1
1 79 1
1 79 1
1 79 1
1 79 1
1 79 1
1 79 1
1 79 1
1 79 1
1 79 1
1 79 1
1 79 1
1 79 1
1 79 1
1 79 1
1 79 1
1 79 1
1 79 1
1 79 1
1 79 1
1 79 1
1 79 1
1 79 1
1 79 1
1 79 1
1 79 1
1 79 1
1 79 1
1 79 1
1 79 1
1 79 1
1 79 1
1 79 1
1 79 1
1 79 1
1 79 1
1 79 1
1 79 1
1 79 1
1 79 1
1 79 1
1 79 1
1 79 1
1 79 1
1 79 1
1 79 1
1 79 1
1 79 1
1 79 1
1 79 1
1 79 1
1 79 1
1 79 1
1 79 1
1 79 1
1 79 1
1 79 1
1 79 1
1 79 1
1 79 1
1 79 1
1 79 1
1 79 1
1 79 1
1 79 1
1 79 1
1 79 1
1 79 1
1 79 1
1 79 1
1 79 1
1 79 1
1 79 1
1 79 1
1 79 1
1 79 1
1 79 1
1 79 1
1 79 1
1 79 1
1 79 1
1 79 1
1 79 1
1 79 1
1 79 1
1 79 1
1 79 1
1 79 1
1 79 1
1 79 1
1 79 1
1 79 1
1 79 1
1 79 1
1 79 1
1 79 1
1 79 1
1 79 1
1 79 1
1 79 1
1 79 1
1 79 1
1 79 1
1 79 1
1 79 1
1 79 1
1 79 1
1 79 1
1 79 1
1 79 1
1 79 1
1 79 1
1 79 1
1 79 1
1 79 1
1 79 1
1 79 1
1 79 1
1 79 1
1 79 1
1 79 1
1 79 1
1 79 1
1 79 1
1 79 1
1 79 1
1 79 1
1 79 1
1 79 1
1 79 1
1 79 1
1 79 1
1 79 1
1 79 1
1 79 1
1 79 1
1 79 1
1 79 1
1 79 1
1 79 1
1 79 1
1 79 1
1 79 1
1 79 1
1 79 1
1 79 1
1 79 1
1 79 1
1 79 1
1 79 1
1 79 1
1 79 1
1 79 1
1 79 1
1 79 1
1 79 1
1 79 1
1 79 1
1 79 1
1 79 1
1 79 1
1 79 1
1 79 1
1 79 1
1 79 1
1 79 1
1 79 1
1 79 1
1 79 1
1 79 1
1 79 1
1 79 1
1 79 1
1 79 1
1 79 1
1 79 1
1 79 1
1 79 1
1 79 1
1 79 1
1 79 1
1 79 1
1 79 1
1 79 1
1 79 1
1 79 1
1 79 1
1 79 1
1 79 1
1 79 1
1 79 1
1 79 1
1 79 1
1 79 1
1 79 1
1 79 1
1 79 1
1 79 1
1 79 1
1 79 1
1 79 1
1 79 1
1 79 1
1 79 1
1 79 1
1 79 1
1 79 1
1 79 1
1 79 1
1 79 1
1 79 1
1 79 1
1 79 1
1 79 1
1 79 1
1 79 1
1 79 1
1 79 1
1 79 1
1 79 1
1 79 1
1 79 1
1 79 1
1 79 1
1 79 1
1 79 1
1 79 1
1 79 1
1 79 1
1 79 1
1 79 1
1 79 1
1 79 1
1 79 1
1 79 1
1 79 1
1 79 1
1 79 1
1 79 1
1 79 1
1 79 1
1 79 1
1 79 1
1 79 1
1 79 1
1 79 1
1 79 1
1 79 1
1 79 1
1 79 1
1 79 1
1 79 1
1 79 1
1 79 1
1 79 1
1 79 1
1 79 1
1 79 1
1 79 1
1 79 1
1 79 1
1 79 1
1 79 1
1 79 1

2
21 79
1000
4 7 300
8 15 497
8 3 329
9 6 356
5 8 314
10 18 527
10 6 365
4 20 565
8 8 536
9 2 406
1 16 428
9 12 384
3 6 321
5 18 276
1 17 423
6 17 393
4 6 562
3 18 333
2 4 514
10 11 436
4 6 355
7 9 450
5 1 401
2 14 428
7 11 379
5 7 547
8 1 483
8 13 414
2 18 320
6 14 464
9 2 359
9 15 356
1 9 493
4 7 416
10 17 480
1 10 440
3 6 423
1 20 519
7 2 331
2 3 273
6 13 409
3 6 528
10 12 408
2 8 280
5 14 318
9 14 370
10 18 499
6 12 343
7 8 288
7 15 309
10 20 528
10 12 409
1 2 375
2 2 388
2 12 339
6 20 404
9 16 396
2 10 355
4 3 275
5 2 386
5 12 299
3 3 400
3 18 469
9 18 547
6 6 540
1 12 540
7 16 317
5 11 536
5 13 299
3 10 373
5 5 485
1 16 502
9 18 506
3 12 496
6 19 506
1 2 500
10 10 343
6 6 460
6 2 443
7 17 416
10 2 463
3 16 564
1 20 504
4 6 406
2 15 359
1 18 533
8 20 512
2 8 352
8 10 533
6 7 439
6 17 565
7 18 293
3 3 512
6 1 288
2 2 422
7 11 524
2 7 497
6 6 524
9 6 448
4 6 497
2 17 331
2 9 503
1 7 318
10 2 388
10 6 432
6 19 523
7 7 418
8 2 371
3 13 541
7 17 464
1 18 337
4 15 278
4 17 354
4 8 386
3 7 478
3 8 397
4 8 552
1 3 479
9 15 396
6 4 396
7 19 540
1 18 524
8 8 497
3 3 466
2 13 527
6 1 532
6 6 276
4 12 308
9 2 346
10 20 520
7 12 494
6 17 457
1 18 447
7 16 334
9 17 397
10 14 431
10 14 329
9 12 421
3 6 430
4 5 569
5 15 442
3 2 543
4 1 485
1 6 356
4 13 502
8 6 366
2 5 401
1 6 423
3 18 555
1 6 273
2 18 289
4 6 434
7 15 345
9 8 290
1 19 338
2 13 396
2 13 312
8 7 462
5 13 435
10 18 564
10 13 536
5 3 375
2 12 438
7 17 336
8 13 429
2 8 451
5 4 463
3 5 346
5 17 508
4 6 490
2 12 352
1 17 381
3 8 522
9 4 359
9 2 555
4 3 437
1 5 468
2 4 556
6 10 469
2 16 405
3 16 441
1 2 361
3 9 364
4 18 467
5 3 363
8 1 447
2 16 398
7 11 305
9 4 515
2 6 455
4 20 391
7 10 323
4 3 528
3 17 547
8 18 504
6 6 457
4 11 455
5 14 436
5 7 344
4 2 443
4 7 315
6 11 375
8 20 332
5 18 388
6 9 476
7 3 493
6 6 458
1 2 445
5 9 478
1 4 378
10 13 562
4 16 409
5 6 341
8 13 408
9 8 338
10 5 513
1 8 533
2 3 314
9 20 409
3 12 477
2 17 369
1 2 538
6 4 426
9 8 402
8 8 369
8 6 382
6 15 475
2 10 406
7 14 478
7 2 402
2 4 511
4 19 287
5 8 568
2 14 374
7 9 476
1 14 376
1 3 345
4 10 488
8 20 514
6 11 354
1 1 541
3 12 351
4 4 303
2 18 415
10 14 442
6 4 284
3 2 476
3 6 470
6 18 488
8 2 549
8 7 510
3 9 337
8 1 335
4 4 360
2 12 375
9 18 390
4 13 312
6 7 450
8 4 465
6 13 366
2 20 305
10 4 444
8 8 379
5 19 387
7 7 517
9 13 340
5 20 386
5 8 352
8 8 303
8 13 333
5 2 401
10 3 461
6 9 564
8 11 292
10 10 349
9 14 450
4 14 286
2 1 278
5 12 492
7 12 382
8 3 516
10 1 271
4 1 561
3 4 542
4 16 508
4 20 468
5 19 559
5 16 491
2 17 319
9 20 357
10 10 381
4 10 305
9 10 506
2 9 324
1 5 466
4 4 546
3 4 381
3 11 303
7 4 560
9 6 343
9 2 315
2 7 424
3 16 462
3 17 456
1 19 478
7 19 461
6 15 443
8 3 421
10 16 531
4 20 401
8 3 432
7 7 333
5 4 436
10 5 373
8 3 274
3 11 370
2 2 432
8 2 395
6 11 410
2 13 477
6 17 548
6 15 378
7 16 414
8 20 366
7 15 314
4 14 370
6 11 293
3 12 288
6 13 280
4 5 315
4 2 551
7 13 568
2 16 337
8 11 381
7 9 536
1 2 298
8 5 400
2 17 564
2 13 398
4 12 543
8 5 381
6 16 544
7 17 355
10 8 562
10 18 501
4 5 508
2 4 375
5 7 385
2 13 286
5 9 313
8 5 391
2 13 430
3 8 552
9 10 410
8 11 348
4 8 307
2 19 326
1 8 332
4 9 476
4 13 484
4 7 393
5 12 480
7 19 445
2 2 379
4 15 394
3 5 568
8 17 388
3 5 528
9 20 513
2 14 457
8 13 290
1 14 567
6 5 462
9 13 504
7 8 357
1 8 270
1 19 325
6 2 380
5 17 274
5 8 276
1 13 358
7 9 547
8 4 284
4 6 426
5 2 454
1 4 405
4 6 435
2 15 540
6 10 481
5 9 508
4 8 495
1 17 406
6 19 562
9 19 492
1 13 302
2 14 569
7 8 302
4 7 480
2 15 446
8 9 382
10 1 323
6 10 475
2 4 315
2 13 304
1 12 470
3 2 463
7 13 393
1 10 402
8 19 331
6 10 564
3 3 508
1 13 517
4 1 378
9 20 344
2 17 337
10 13 547
5 8 350
7 5 513
8 13 338
2 12 497
9 12 450
7 17 544
7 10 380
8 1 457
8 11 310
7 12 482
2 16 420
3 8 454
3 16 319
9 3 453
9 3 468
9 16 305
3 7 477
2 3 467
9 2 385
3 10 439
8 2 377
2 20 494
2 2 354
8 12 375
7 11 493
1 19 332
9 5 386
7 2 435
3 10 404
1 13 309
6 1 551
4 4 504
10 18 421
4 8 490
2 7 330
8 14 450
7 12 452
8 9 435
7 4 317
10 10 319
3 16 334
1 8 429
10 1 507
6 15 280
4 19 554
3 15 507
3 10 444
3 14 511
7 2 342
7 5 344
9 9 353
7 16 457
5 2 560
3 13 272
6 2 304
5 6 294
3 15 293
9 8 556
10 5 303
3 9 494
5 5 538
7 1 362
3 18 391
5 8 548
2 10 413
4 6 295
10 19 435
10 10 312
1 2 392
6 18 402
2 5 417
7 15 565
7 18 292
4 7 566
7 11 452
1 9 435
5 11 409
1 14 564
9 7 327
10 13 497
8 4 365
6 8 486
1 14 366
5 12 405
2 5 299
3 2 275
2 3 382
3 3 332
1 4 400
1 4 325
3 4 257
3 4 263
3 4 262
3 4 245
1 3 260
2 4 346
2 4 256
1 5 293
2 2 428
1 2 353
1 3 293
3 2 338
3 3 387
2 4 237
2 3 418
2 2 340
3 5 260
1 2 261
2 4 320
3 3 381
1 3 329
3 2 280
1 4 411
3 3 345
2 5 247
2 2 400
3 4 351
1 2 298
1 3 411
3 5 392
2 5 402
1 3 236
2 2 246
2 2 368
3 2 415
2 3 381
3 2 338
2 5 308
2 4 418
1 3 427
3 5 411
3 5 303
3 2 280
1 4 318
1 5 384
2 4 264
3 5 359
1 4 291
1 3 352
1 5 297
1 4 238
1 3 335
3 5 366
2 3 381
2 4 413
3 5 417
1 5 258
3 3 309
3 4 283
1 4 355
3 5 430
3 3 409
2 5 363
3 3 358
1 4 417
3 2 307
3 3 293
1 5 418
2 4 242
2 5 384
3 4 261
3 3 419
2 3 293
3 5 351
1 4 292
3 3 364
1 2 302
1 2 424
2 4 255
1 4 253
3 4 355
2 3 235
3 2 350
2 4 233
1 3 367
2 3 256
2 5 354
3 4 277
1 4 378
2 2 383
2 5 317
3 4 304
2 3 241
1 4 318
2 3 269
1 3 376
3 3 431
2 4 337
2 2 296
3 3 397
2 4 402
1 4 305
3 3 249
1 5 314
2 4 366
2 5 299
2 3 389
2 5 317
1 3 432
3 4 286
1 3 276
1 5 346
3 5 357
3 2 241
3 4 402
3 2 345
1 5 285
1 3 300
3 3 343
1 3 278
2 4 287
1 5 348
1 2 327
2 3 289
1 3 321
1 3 389
3 4 328
1 4 426
2 3 424
1 4 398
3 3 429
1 3 401
1 3 379
2 5 366
3 5 261
1 2 285
3 2 418
3 2 289
3 2 282
1 2 416
2 4 395
1 2 250
2 3 237
3 5 290
1 4 420
1 2 295
2 5 368
3 4 298
1 3 376
3 3 432
2 5 348
2 4 240
3 2 248
2 3 378
1 4 256
3 3 284
3 2 343
1 4 306
2 3 322
2 2 351
2 4 271
3 5 264
3 4 303
1 2 405
3 2 320
2 4 265
2 3 391
2 5 318
1 4 237
1 2 348
3 5 311
3 4 238
3 4 338
3 4 274
1 2 423
1 2 324
3 4 427
2 2 323
1 5 287
2 3 268
1 5 348
2 4 257
2 3 293
2 3 302
2 4 334
2 4 305
2 4 366
3 3 425
2 3 317
2 2 410
1 4 268
3 3 266
2 3 342
3 5 327
1 4 420
1 4 411
1 3 240
1 5 304
3 3 247
3 2 415
2 5 237
2 4 395
2 2 329
1 4 336
3 3 397
1 2 279
2 2 241
2 5 254
2 4 323
3 2 358
2 4 309
1 5 366
1 5 276
1 3 418
1 3 287
1 3 366
3 4 300
2 4 354
3 5 242
3 4 311
1 3 394
1 2 342
1 5 431
2 3 415
3 5 270
3 3 282
3 5 293
1 4 268
1 4 379
3 4 282
1 4 278
3 3 337
3 4 284
2 3 430
2 4 304
3 4 278
3 4 416
2 4 324
1 4 346
2 5 399
2 3 326
1 4 356
1 4 389
1 3 341
1 2 330
3 3 237
3 3 431
2 4 251
2 5 329
2 2 250
3 2 348
3 5 274
2 3 301
3 5 277
3 4 329
1 3 408
1 4 288
2 2 313
2 3 332
2 2 292
1 4 385
2 5 314
2 4 248
3 2 419
1 2 368
3 2 302
3 2 289
3 5 360
3 3 265
2 3 320
2 4 301
3 3 400
3 2 307
1 3 405
1 3 428
3 5 280
3 5 266
2 4 412
1 5 348
3 2 281
3 3 369
2 3 337
3 3 377
3 5 376
2 3 334
2 5 276
2 2 358
2 3 248
1 3 366
1 3 405
3 3 239
3 2 335
1 5 401
3 5 353
1 3 424
1 3 316
2 2 332
2 5 426
2 5 375
2 4 254
1 5 375
2 4 323
1 4 363
3 2 390
2 4 425
1 3 257
3 4 302
1 2 423
2 5 414
1 4 238
3 5 431
2 2 290
2 3 321
2 4 415
2 2 289
2 5 311
2 5 277
2 3 269
2 5 285
3 5 412
2 2 293
3 3 246
2 4 300
2 5 308
1 5 385
1 3 297
2 4 394
2 3 268
2 3 396
3 5 283
2 2 251
2 2 320
1 3 284
3 3 421
1 4 273
3 3 238
1 5 334
2 3 374
1 5 366
1 4 320
3 5 302
2 3 374
1 5 414
1 4 419
2 2 280
3 4 372
3 3 404
2 3 253
2 2 374
1 5 380
3 5 274
1 4 385
3 5 424
3 2 319
3 2 418
3 4 286
2 3 260
2 4 397
2 5 335
2 4 241
2 4 296
1 5 270
3 2 367
2 3 240
3 3 275
1 2 265
2 4 417
3 2 392
1 5 390
3 3 264
1 2 377
1 4 340
3 3 354
2 3 407
1 2 430
1 3 391
2 3 244
2 4 302
2 2 311
1 3 372
2 5 277
3 5 337
3 4 335
1 3 362
2 4 373
2 4 233
3 4 334
1 2 379
2 4 280
1 3 288
1 5 258
3 3 312
2 2 362
1 2 313
1 2 394
2 2 385
1 3 292
1 3 239
1 4 335
3 3 403
3 2 377
1 5 273
1 3 425
3 2 281
2 5 345
1 3 236
3 2 384
1 3 409
3 3 334
1 5 345
2 3 336
2 5 324
1 2 330
1 3 234
1 4 408
2 3 287
3 5 388
1 2 295
2 2 235
1 3 375
2 3 315
2 2 246
2 2 264
3 5 374
1 4 276
2 3 384
1 5 271
3 4 254
1 5 233
1 4 269
2 4 359
1 5 424
2 2 337
3 4 265
2 4 309
1 5 343
1 4 368
1 4 420
3 4 373
1 4 303
1 5 357
1 3 297
1 3 274
1 2 347
3 2 304
1 5 293
3 5 241
3 5 349
2 3 299
1 3 321
3 4 238
2 2 311
2 5 357
3 3 348
3 2 382
2 3 292
1 2 282
1 3 354
2 3 308
2 2 252
3 2 404
3 2 301
1 2 233
1 2 366
2 3 245
3 3 392
1 5 363
2 3 354
2 5 424
2 4 241
2 3 309
3 2 390
3 5 400
2 4 393
3 3 423
3 5 359
3 5 317
3 4 390
2 5 365
1 3 296
3 2 263
3 5 364
2 3 378
1 3 271
3 2 268
1 5 294
3 5 392
2 5 283
3 5 328
2 2 400
2 4 297
1 5 395
3 4 320
3 2 292
21 79
1000
3 3 558
2 20 275
4 19 553
6 6 341
4 6 558
2 6 424
7 20 458
1 11 447
8 13 446
2 13 491
6 15 360
6 19 363
1 11 492
6 9 524
1 7 319
10 11 400
4 2 399
6 6 543
10 10 285
7 2 425
2 13 519
5 6 270
10 11 444
2 9 469
3 12 561
2 7 445
3 8 542
4 20 528
5 1 463
1 2 344
9 14 289
7 3 391
7 17 439
9 3 437
8 3 470
5 11 402
6 14 479
4 16 307
7 7 438
6 14 319
9 4 332
5 7 278
4 13 393
2 2 478
8 12 559
10 20 340
7 16 342
3 16 477
2 4 513
6 13 493
8 8 337
6 6 538
4 19 486
6 1 414
1 19 509
7 20 472
5 8 298
7 9 310
4 13 476
9 9 558
2 7 568
7 3 379
4 1 479
4 15 383
9 18 300
2 15 390
1 15 538
10 2 350
5 20 465
2 9 333
10 11 371
3 11 523
2 2 453
1 17 392
6 17 464
9 10 471
1 10 397
3 4 310
5 12 567
10 13 345
8 2 490
10 10 557
5 7 375
6 9 371
2 5 330
3 10 311
4 8 428
10 9 299
4 5 544
4 8 412
2 18 373
7 15 525
6 8 417
8 14 277
9 19 492
3 9 298
4 12 512
7 19 452
2 6 278
9 1 502
10 14 449
1 8 522
2 3 291
7 10 326
8 16 305
2 1 368
3 11 278
9 5 501
10 18 434
7 18 415
9 18 374
4 17 450
9 12 466
5 13 439
4 11 320
3 14 304
8 17 395
7 11 500
7 19 406
8 11 434
8 12 479
1 18 425
10 1 349
5 20 484
4 11 333
8 8 489
1 7 306
8 15 371
7 18 442
5 3 358
2 8 453
3 16 441
1 2 331
3 1 526
7 17 566
5 20 363
8 9 377
3 16 301
4 9 457
7 12 293
8 13 541
4 17 548
2 8 326
2 19 552
10 15 362
4 3 293
4 19 309
10 11 546
9 13 454
9 13 328
1 14 520
3 15 453
5 13 437
4 16 473
5 15 424
1 15 303
1 2 311
1 10 421
5 2 440
10 4 551
10 15 445
1 2 490
5 9 274
8 3 466
4 20 418
6 14 514
1 15 440
2 18 345
6 19 330
3 12 365
7 12 298
8 17 428
10 5 279
1 10 435
9 12 539
1 2 398
6 9 314
5 11 524
6 8 414
9 13 535
3 5 568
7 12 320
6 19 559
3 12 357
3 19 542
9 8 272
1 16 336
5 3 370
7 2 476
8 16 369
6 13 316
6 9 366
6 13 445
9 19 562
6 6 382
3 11 321
1 7 449
7 11 358
2 4 432
3 4 457
4 5 356
7 4 396
7 6 280
8 8 499
7 4 456
10 15 308
3 18 566
3 17 556
10 7 510
1 3 452
2 4 500
2 13 510
1 14 381
9 8 558
8 11 315
8 5 551
4 3 280
6 10 384
5 15 280
3 3 412
10 7 368
3 4 290
9 15 273
3 4 325
3 17 443
10 2 396
8 7 393
6 7 552
7 10 409
4 3 561
7 13 305
9 5 290
7 1 539
5 13 533
7 14 564
3 4 386
5 7 332
2 13 427
4 5 505
3 8 508
5 15 540
1 15 296
2 15 275
1 8 306
5 18 424
1 8 397
10 18 352
6 7 276
5 18 462
9 11 396
10 4 396
5 14 316
1 8 557
4 14 390
7 11 432
5 3 470
5 16 322
10 16 536
8 6 557
3 8 545
8 5 370
8 5 339
2 12 427
2 16 469
3 8 456
6 19 526
6 13 441
5 9 423
5 16 487
7 13 477
1 3 568
1 8 417
1 16 464
9 4 447
1 13 353
3 17 371
10 18 524
9 18 355
6 1 366
10 15 378
7 4 467
4 11 433
10 19 342
10 19 473
6 14 278
5 3 286
6 4 470
3 15 526
9 16 523
5 6 447
8 6 534
1 15 367
5 8 396
9 5 282
5 3 425
9 15 537
3 13 294
3 4 568
5 18 328
1 20 396
10 7 275
2 4 390
9 20 420
3 13 320
7 13 406
5 12 411
5 11 348
1 7 559
10 18 562
4 1 288
4 6 554
9 18 439
5 2 521
1 11 383
8 17 334
7 20 443
5 18 309
2 20 306
5 17 453
9 19 482
7 19 359
10 1 328
2 6 560
8 9 426
10 2 350
4 4 356
3 7 270
8 2 498
9 16 299
10 15 536
2 4 391
9 15 373
2 17 448
3 1 325
10 11 535
7 9 474
4 1 541
1 13 364
5 3 424
9 1 341
2 14 403
6 18 408
6 3 454
1 5 535
2 3 441
8 6 430
1 20 325
6 15 323
1 19 545
6 11 284
5 16 480
2 19 365
8 10 385
1 19 522
10 7 520
8 20 327
9 10 351
2 14 454
9 15 314
2 14 504
7 7 559
3 10 362
1 4 510
9 6 413
6 11 378
5 5 503
10 19 481
5 5 547
2 17 355
3 9 400
3 14 548
8 10 334
3 9 463
9 9 395
9 6 496
4 5 354
6 13 371
9 10 344
6 2 461
5 13 427
8 6 378
2 9 373
10 11 454
2 9 299
5 2 524
9 18 514
3 4 486
6 19 537
6 14 429
3 4 356
8 1 438
5 15 293
6 9 511
1 1 403
1 15 351
2 9 317
10 10 416
2 14 378
4 6 355
3 18 471
9 9 299
9 6 295
7 7 541
8 3 419
3 15 525
9 15 429
1 17 458
10 16 325
3 7 399
7 5 313
8 15 506
9 19 414
9 13 524
8 19 481
9 7 386
6 19 376
9 16 280
8 10 404
2 2 281
2 14 289
1 16 554
5 16 523
7 9 298
1 18 296
9 2 538
5 16 312
2 18 399
9 3 360
8 11 272
10 11 389
7 17 299
6 16 442
9 13 391
2 9 494
6 4 509
3 1 454
10 5 532
6 9 389
4 8 319
4 6 560
3 2 415
5 10 355
10 19 493
10 16 272
6 11 487
1 19 412
3 10 339
7 8 277
1 19 493
1 5 298
5 2 291
3 4 424
9 12 290
1 6 406
5 12 413
4 5 537
9 11 463
6 2 447
5 2 283
8 17 568
9 2 456
2 19 358
7 9 347
4 18 535
7 11 391
8 3 287
2 16 347
8 16 461
6 10 434
3 17 498
10 5 412
7 14 291
9 15 556
2 11 499
7 10 507
3 10 436
6 4 512
6 9 378
5 16 430
6 8 328
4 15 369
9 2 553
8 16 318
4 18 545
7 7 556
1 2 455
7 16 484
9 8 346
7 17 291
3 19 466
5 16 539
10 4 393
9 14 272
3 3 476
1 12 531
8 6 476
3 9 338
7 6 409
7 15 467
1 18 427
1 2 425
1 5 383
1 4 380
2 4 247
3 3 325
3 4 233
1 2 275
3 5 278
3 2 280
1 3 274
1 3 371
1 3 291
3 3 325
3 2 241
2 5 389
2 4 356
1 4 426
3 5 413
3 2 347
1 4 413
3 5 358
1 4 255
1 3 414
1 2 278
3 5 313
3 2 279
3 4 427
2 4 247
1 5 300
3 3 377
2 4 255
3 2 245
3 5 367
2 3 296
1 3 341
2 5 326
1 3 308
2 2 360
1 5 410
1 2 301
2 3 371
2 4 286
1 3 392
2 2 269
1 2 306
2 5 385
1 4 375
3 4 400
3 4 243
1 2 376
1 3 329
2 2 244
1 4 252
3 2 244
1 4 362
3 3 382
3 4 418
1 3 300
2 4 295
2 4 336
3 3 432
2 3 414
2 2 388
1 2 240
1 4 407
2 2 292
1 3 305
1 2 286
2 2 302
3 5 280
3 2 308
2 5 342
3 3 345
1 3 253
2 5 386
2 3 407
1 4 387
1 4 291
1 3 416
1 3 369
1 4 362
2 4 391
3 3 329
1 3 352
3 5 380
1 5 331
2 3 292
1 2 265
3 3 286
3 2 409
2 2 280
1 3 423
3 4 412
3 4 263
2 5 420
1 2 377
2 4 350
2 5 374
2 3 359
1 4 327
1 4 255
3 4 259
3 3 280
1 2 288
1 4 269
1 3 306
2 4 292
2 2 335
1 4 264
1 4 399
2 5 384
2 5 387
2 4 355
1 3 409
1 2 365
1 5 253
1 5 256
1 3 276
2 5 313
3 3 426
2 2 422
1 3 322
3 3 330
2 3 336
3 5 302
1 5 288
2 5 380
3 3 365
3 2 283
2 4 356
2 2 237
3 3 297
3 4 373
1 4 314
1 4 422
2 3 341
1 2 422
2 2 256
3 3 285
2 4 328
2 5 323
3 3 368
3 4 354
1 4 377
2 2 245
1 5 296
1 5 409
2 3 398
2 3 329
3 4 262
3 3 317
3 3 348
3 2 413
3 4 326
3 3 395
3 3 318
1 2 356
3 3 428
2 2 360
1 4 379
3 5 306
3 5 278
2 2 341
1 3 257
1 4 374
3 5 366
3 4 416
3 2 368
3 4 335
2 3 258
2 3 418
3 5 291
3 5 410
2 5 357
3 2 264
2 2 286
3 4 270
2 2 383
1 5 427
3 2 405
3 2 253
1 3 424
1 3 342
1 3 236
2 3 390
1 5 325
2 5 286
2 3 422
3 2 308
3 3 420
3 4 370
3 2 297
3 4 408
1 5 348
2 4 396
3 2 349
1 3 352
2 3 262
2 3 271
3 2 299
1 2 296
3 5 243
3 5 285
1 5 238
3 5 283
1 3 349
1 4 291
1 3 253
1 5 343
1 4 268
1 4 284
3 5 354
1 4 278
1 4 351
2 5 336
1 4 400
3 5 374
1 4 317
2 5 319
1 4 350
3 3 318
2 3 327
1 3 359
1 5 311
1 2 394
3 3 245
1 4 274
2 4 288
2 4 246
2 5 310
3 2 235
2 2 322
1 3 377
1 4 281
3 4 333
2 5 257
1 5 428
3 3 260
3 2 359
2 3 334
2 2 285
3 2 233
2 2 412
2 5 391
1 2 320
2 5 239
3 4 354
2 2 276
1 2 270
3 5 276
1 5 413
3 2 297
1 2 336
2 5 307
2 4 292
2 4 342
3 2 285
1 4 341
2 4 275
1 5 368
3 4 401
3 2 317
3 2 358
1 3 252
2 3 426
2 3 410
2 2 420
1 4 404
3 4 270
3 5 286
2 4 270
3 3 350
3 2 367
3 2 333
2 5 359
1 3 294
1 2 261
3 5 328
3 3 336
2 4 366
2 3 394
3 4 311
1 4 376
3 4 249
1 4 279
1 3 374
2 2 256
2 4 420
1 3 341
3 2 264
2 5 371
2 2 347
3 2 350
2 3 397
3 3 320
1 3 409
3 2 307
2 2 352
1 3 403
1 3 269
3 3 268
3 5 420
3 4 298
3 5 386
1 2 253
3 5 343
3 2 311
1 3 289
3 5 380
1 4 350
3 3 246
1 3 281
1 3 312
3 5 302
2 4 398
1 5 425
1 4 420
1 2 409
2 5 420
3 2 359
1 5 314
2 2 272
2 3 312
3 5 315
3 5 331
3 3 292
2 3 265
3 5 340
3 2 396
2 2 283
3 4 400
3 2 329
3 4 317
2 2 422
2 3 313
2 3 241
2 2 340
3 5 275
1 4 387
3 4 261
1 3 392
3 4 300
3 4 243
3 3 267
1 4 236
2 2 358
3 4 420
2 5 393
3 3 371
1 2 422
3 5 306
3 4 325
1 4 238
2 4 330
2 2 425
2 5 365
2 2 311
1 3 285
2 5 432
3 3 273
3 3 298
1 2 397
3 4 325
2 3 392
1 2 259
2 5 303
3 5 400
3 2 265
1 5 431
3 4 274
2 5 411
3 4 314
2 5 239
3 4 401
2 4 334
3 5 313
3 5 376
2 3 424
2 3 333
3 5 362
1 4 268
3 4 365
3 3 402
1 5 391
1 2 392
3 5 313
1 2 326
1 3 302
3 4 391
3 3 346
1 4 255
2 4 266
2 4 302
3 5 264
3 5 265
1 4 332
1 4 294
2 4 311
2 4 244
1 5 295
3 3 290
3 5 392
3 5 341
1 3 312
2 2 400
1 4 430
2 5 263
2 3 367
2 2 368
3 5 406
3 5 286
1 5 276
2 3 305
3 5 238
1 3 268
2 5 234
3 3 324
2 3 320
3 4 261
2 4 367
3 2 258
2 4 302
3 2 290
1 5 359
2 3 261
2 3 359
3 3 420
2 3 417
3 3 325
1 4 359
2 3 358
2 4 245
3 2 319
1 2 308
2 2 272
3 4 237
3 3 432
1 3 379
1 4 392
2 2 389
1 4 428
2 3 429
1 4 357
3 4 405
2 3 279
2 5 355
3 4 355
1 5 267
3 2 266
2 2 418
1 4 363
2 5 288
1 3 335
1 5 274
2 2 432
2 3 369
3 4 397
2 5 272
3 2 361
3 4 259
3 5 340
3 3 386
2 2 267
3 2 289
1 4 326
2 5 284
1 5 316
1 3 337
2 5 376
2 2 414
2 2 322
1 3 397
2 4 303
2 5 260
3 4 414
1 5 414
1 4 400
1 2 290
1 3 296
3 4 339
2 2 360
3 2 243
1 4 244
2 3 288
2 2 410
1 3 249
3 2 360
3 4 364
3 4 250
2 5 320
3 3 272
2 3 245
1 3 249
3 2 241
3 4 272
2 3 404
3 5 237
3 3 391
3 5 419
2 5 368
