5
1 2 3 4 5 6 7 8 9 0 
1 3 8 2 0 
2 5 7 8 9 0 
1 1 1 1 1 1 2 3 0 
1 3 1 3 5 7 8 9 3 4 0 
1 2 35 0 
0 
1 3 5 7 0 
3 7 5 1 0 
0 
1 2 1 1 0 
1 1 1 0 
0 
1 2 2 2 2 2 2 2 2 2 2 2 2 2 22  22  2 2 22 2 2 2 2 1 0
1 1 1 1 0
1 2 1 22 1 0 
1 0
2 2 2 2 2 2 2 0
22 22 22 22 22 2222 0
0
128 21 238 47 19 38 27 38 49 18 37 9 38 1 29 8 3 2 1 4 2 3 5 1 28 28 39 12  3 4 5 1 2 3 4 5 1 2 3 5 1 2 3 2 2 5 4 292 482 2  182 292 382 2 27 48 29 18 191 238 571 1999 238 17 17 19 283 19 0
1 2 5 39 19 2 1  2 291 4 27 9 28 30 1 2 3  5 5 3 2 3 1 5 1 3 5 1 2 3 4 1   1 2 3 4 1 1 5 2 3 4 5 1  292 3 1 2 3 4 1 5 1 0
0
0