1
600 599
200
42 11
22 23
30 412
39 201
34 88
34 21
341 200
12 412
42 11
22 23
30 412
39 201
34 88
34 21
341 200
12 412
42 11
22 23
30 412
39 201
34 88
34 21
341 200
12 412
42 11
22 23
30 412
39 201
34 88
34 21
341 200
12 412
42 11
22 23
30 412
39 201
34 88
34 21
341 200
12 412
42 11
22 23
30 412
39 201
34 88
34 21
341 200
12 412
42 11
22 23
30 412
39 201
34 88
34 21
341 200
12 412
42 11
22 23
30 412
39 201
34 88
34 21
341 200
12 412
42 11
22 23
30 412
39 201
34 88
34 21
341 200
12 412
42 11
22 23
30 412
39 201
34 88
34 21
341 200
12 412
42 11
22 23
30 412
39 201
34 88
34 21
341 200
12 412
42 11
22 23
30 412
39 201
34 88
34 21
341 200
12 412
42 11
22 23
30 412
39 201
34 88
34 21
341 200
12 412
42 11
22 23
30 412
39 201
34 88
34 21
341 200
12 412
42 11
22 23
30 412
39 201
34 88
34 21
341 200
12 412
42 11
22 23
30 412
39 201
34 88
34 21
341 200
12 412
42 11
22 23
30 412
39 201
34 88
34 21
341 200
12 412
42 11
22 23
30 412
39 201
34 88
34 21
341 200
12 412
42 11
22 23
30 412
39 201
34 88
34 21
341 200
12 412
42 11
22 23
30 412
39 201
34 88
34 21
341 200
12 412
42 11
22 23
30 412
39 201
34 88
34 21
341 200
12 412
42 11
22 23
30 412
39 201
34 88
34 21
341 200
12 412
42 11
22 23
30 412
39 201
34 88
34 21
341 200
12 412
42 11
22 23
30 412
39 201
34 88
34 21
341 200
12 412
42 11
22 23
30 412
39 201
34 88
34 21
341 200
12 412
42 11
22 23
30 412
39 201
34 88
34 21
341 200
12 412
42 11
22 23
30 412
39 201
34 88
34 21
341 200
12 412
