2000
148
24
111
4
109
163
61
70
146
189
51
24
155
184
198
12
12
110
165
170
116
141
18
186
139
166
151
108
124
117
162
67
118
80
174
12
101
139
85
151
92
183
113
124
10
109
99
34
148
19
156
172
112
6
185
74
62
165
53
87
56
50
147
168
2
31
57
47
183
52
13
44
108
196
6
106
162
104
97
196
5
165
37
85
38
131
171
83
193
115
9
173
146
131
200
158
95
127
199
165
83
53
167
20
23
146
99
148
154
17
166
117
137
77
32
88
126
151
78
165
132
160
173
8
189
174
139
121
91
121
149
107
154
178
14
169
147
186
192
15
119
119
55
22
128
15
26
36
157
5
35
61
46
189
76
98
106
123
25
153
132
94
11
136
34
49
60
47
47
142
156
38
198
154
38
115
91
141
172
32
177
200
91
75
97
50
157
86
44
92
1
143
183
59
163
98
110
143
181
127
143
133
12
168
24
103
59
115
186
72
171
193
145
132
131
187
87
114
74
72
112
48
74
98
140
29
22
48
16
78
133
86
134
27
99
9
41
99
20
73
150
189
109
82
139
161
189
77
110
73
14
24
112
26
150
78
16
18
89
123
11
97
15
118
157
138
132
13
181
43
5
142
100
93
68
74
61
33
117
43
13
110
177
113
17
63
36
20
75
87
13
39
158
75
28
25
162
200
176
33
44
192
155
25
48
103
136
111
5
96
191
94
134
179
52
130
97
67
17
64
7
162
116
51
58
60
93
134
14
38
124
87
24
178
85
122
165
52
142
56
196
33
66
69
158
141
156
114
162
125
147
200
110
8
149
89
60
123
32
186
77
67
174
196
88
187
32
105
185
123
198
72
141
104
119
124
127
175
5
52
117
140
125
93
171
190
200
168
190
110
182
142
98
96
81
118
131
29
191
54
41
111
61
123
69
44
176
121
180
146
188
182
176
51
103
65
53
141
44
197
108
193
57
99
21
28
13
124
47
68
186
115
159
123
116
164
137
166
144
123
186
163
12
129
95
5
47
79
163
170
2
37
6
176
144
197
25
39
192
8
54
172
122
82
124
102
179
49
104
48
93
141
104
1
71
112
150
6
10
40
78
24
46
149
138
71
118
161
93
83
123
83
163
44
87
24
26
73
1
29
116
180
196
136
97
118
173
153
39
124
10
81
89
179
135
130
173
109
108
36
146
110
106
67
31
6
137
133
79
90
171
160
97
66
2
52
66
35
38
179
199
52
79
181
12
94
18
88
83
82
156
9
9
138
89
1
144
188
101
140
41
172
128
178
41
36
56
125
11
36
102
108
196
139
165
65
85
8
43
88
46
31
33
74
169
92
150
109
149
157
144
125
143
177
164
126
32
151
52
146
113
32
174
135
21
1
120
23
170
15
139
136
122
67
179
63
36
26
148
156
64
50
56
16
163
8
16
126
105
131
57
73
180
74
141
86
70
82
120
52
162
114
168
145
176
96
149
99
95
172
33
65
122
61
34
70
195
146
12
72
100
33
9
168
109
127
138
148
62
178
34
193
118
121
27
176
25
62
45
95
98
80
33
199
75
39
134
68
19
139
56
15
33
193
71
135
119
176
177
173
180
60
60
54
89
11
110
19
176
64
89
143
189
82
153
167
40
40
54
124
53
112
104
125
198
161
171
101
123
28
145
162
144
14
117
100
164
65
1
146
139
123
38
86
26
23
36
16
77
3
64
176
31
17
48
26
114
180
70
129
140
73
128
81
181
160
125
3
71
147
128
37
126
108
84
106
72
49
153
83
108
108
95
67
134
117
181
179
188
29
64
47
19
33
48
71
10
54
182
179
74
108
121
197
88
174
80
12
54
193
109
67
162
180
90
56
44
169
171
77
148
115
119
6
175
11
21
121
173
53
107
122
10
151
20
106
174
53
198
97
3
168
67
46
169
147
143
124
188
170
12
64
88
41
160
27
76
14
3
173
171
183
118
124
47
152
12
108
63
94
63
135
74
186
196
30
108
161
151
148
54
149
133
15
117
147
142
153
23
174
31
195
70
128
142
6
152
30
17
121
192
72
18
86
118
198
78
80
120
132
151
114
45
180
134
159
163
5
30
34
1
172
82
98
177
3
189
26
8
155
58
113
173
140
165
173
77
113
36
110
48
98
154
189
161
80
95
109
86
188
73
3
33
37
167
121
33
148
150
189
198
32
37
155
188
93
143
30
28
80
67
101
198
17
37
21
57
31
97
147
178
200
2
57
36
38
165
49
199
61
86
51
21
61
199
44
187
197
87
6
49
127
72
62
166
18
19
59
174
7
186
177
99
157
173
93
153
129
110
128
49
25
124
53
115
147
111
193
68
51
67
76
174
8
127
30
116
14
84
56
48
168
129
118
97
148
46
131
94
193
16
152
27
46
199
75
133
42
35
190
5
110
37
176
182
102
198
193
41
35
50
170
50
41
39
134
135
153
103
148
155
46
66
171
129
181
55
1
134
72
57
78
131
181
189
47
15
121
79
175
188
199
103
163
10
54
192
56
108
149
121
72
134
76
127
120
77
110
189
159
177
95
99
137
166
171
58
68
198
23
86
49
5
68
147
176
150
83
147
137
109
52
168
28
129
49
157
187
121
18
69
81
122
195
151
61
1
1
6
112
78
127
190
186
17
36
18
125
60
199
35
139
118
70
159
152
39
175
57
65
177
17
114
61
50
134
178
168
103
165
192
113
129
25
138
17
75
187
165
112
180
53
12
114
158
189
178
126
50
178
126
145
126
106
186
191
185
38
158
177
110
165
118
136
27
150
21
21
74
183
145
171
27
92
47
138
42
171
19
19
153
46
34
132
4
8
104
11
102
132
59
31
65
54
64
88
176
170
154
96
41
99
58
117
160
94
54
180
180
3
22
170
176
153
2
63
129
90
25
176
155
28
102
131
95
157
141
156
80
91
165
11
110
113
150
79
31
93
195
123
111
121
150
8
54
43
157
167
66
178
76
135
37
120
71
31
132
52
87
92
40
23
156
4
2
17
157
158
116
82
193
154
166
36
151
116
129
89
185
189
12
190
108
2
130
22
166
95
50
53
116
136
65
32
10
24
102
43
159
191
111
40
195
193
8
122
139
49
127
121
152
5
31
71
48
173
185
146
158
189
178
55
149
149
96
171
197
19
191
26
49
144
118
59
65
73
168
102
84
138
29
13
178
165
62
20
10
161
3
115
12
154
23
132
19
131
36
184
18
96
163
140
47
77
108
142
95
29
113
114
10
116
187
35
43
179
10
47
198
167
160
66
77
11
4
126
39
39
195
6
116
101
73
14
6
136
198
142
117
81
189
78
168
140
116
181
99
138
127
168
177
166
105
62
70
29
42
128
135
117
86
76
57
148
109
131
82
149
40
185
60
122
198
7
132
168
64
115
197
81
159
12
67
15
150
109
179
68
32
155
132
58
59
190
1
14
46
114
135
158
89
39
41
48
75
174
44
81
134
130
172
112
100
3
51
98
135
45
31
138
79
16
100
26
62
44
49
63
181
86
95
164
40
126
51
187
58
28
15
127
93
89
185
19
144
21
98
114
15
121
142
94
166
7
122
110
127
145
54
104
92
7
31
54
136
109
1
5
135
23
159
54
115
114
144
130
145
195
147
144
139
99
109
141
200
44
106
19
21
119
40
177
65
51
155
63
11
115
73
109
92
53
104
30
194
177
78
109
84
197
79
30
26
141
200
65
46
113
114
51
60
163
130
96
77
18
47
103
129
91
87
37
153
36
60
35
169
89
195
159
133
1
30
80
152
3
61
23
19
165
31
149
80
49
104
9
20
73
192
133
143
109
183
38
157
191
50
18
13
54
186
179
129
152
45
41
63
172
179
49
129
74
9
196
97
14
48
187
68
19
87
156
38
152
79
170
165
84
19
119
49
179
99
124
36
107
129
73
131
186
37
130
194
18
40
29
18
91
164
100
38
89
161
46
56
46
112
55
24
125
70
67
123
65
42
128
18
48
92
184
160
104
197
27
73
189
168
154
122
137
12
154
141
149
85
103
80
46
28
24
74
105
19
189
12
29
155
160
29
35
17
173
150
27
64
198
162
50
87
139
28
46
193
145
55
172
56
134
173
95
172
57
56
144
172
88
37
21
189
51
11
179
96
84
141
80
55
197
140
20
116
45
156
63
70
10
160
59
27
55
41
51
178
108
197
177
142
69
146
151
111
182
120
23
130
190
171
98
2
65
133
122
167
67
46
26
105
150
97
115
194
62
6
32
196
39
44
184
158
59
57
69
147
48
142
151
173
193
6
31
1
23
129
41
153
147
135
182
164
121
114
79
145
65
195
114
50
93
59
12
188
134
107
199
32
197
68
27
35
147
126
142
162
33
94
19
20
194
144
170
158
20
43
171
129
145
164
2
120
133
60
40
166
33
38
40
195
122
120
161
36
85
163
157
58
38
119
77
63
70
29
16
117
46
190
30
41
80
154
95
6
34
133
68
93
126
112
56
109
180
147
182
199
158
68
194
75
87
177
60
185
148
89
190
28
4
60
146
1
133
