6 60 
1 10 10 
2 10 10 
3 10 10 
4 10 10 
5 10 10 
6 12 10

101 500
4 250 8
3 181 34
6 129 6
1 191 34
3 43 40
5 78 41
6 113 45
3 210 51
5 184 23
1 67 18
3 77 35
6 61 40
5 150 22
3 218 35
1 87 21
2 229 16
2 108 54
5 209 49
5 241 23
4 31 31
5 167 4
4 52 11
6 159 3
2 49 17
1 14 22
2 64 41
1 170 47
6 130 24
1 196 53
4 202 9
1 124 30
2 3 54
4 88 11
3 2 23
3 79 30
3 178 23
5 155 35
1 246 13
3 49 8
3 219 49
5 58 21
4 146 12
2 31 24
1 193 32
3 103 4
6 196 7
1 152 5
3 239 16
1 41 53
2 86 41
1 99 30
4 205 52
1 11 9
2 124 48
4 21 18
5 221 13
2 35 21
4 114 8
1 91 17
3 124 53
3 218 45
1 248 29
4 136 39
4 145 22
6 166 20
2 43 36
5 153 38
6 69 44
2 66 34
3 170 32
1 48 24
2 163 40
2 128 8
4 86 39
3 27 40
2 125 25
6 52 48
5 95 40
3 40 20
5 194 39
1 206 54
3 214 32
5 109 27
4 95 49
2 248 33
2 204 12
5 15 38
1 10 21
5 224 3
1 238 38
1 26 5
3 65 29
1 205 51
6 227 2
5 48 31
1 249 23
5 200 41
6 54 11
4 108 43
2 56 16
1 225 40
